Time: 20.000000000000306; Period: Before stimulation
PT_6_20.Adend1.0.724561403508772: 14.580048
PT_6_20.Adend2.0.868421052631579: 14.835912
PT_6_20.Adend3.0.0017543859649122807: 14.242352
PT_6_20.Bdend.0.02631578947368421: 13.643882
PT_6_21.Adend1.0.22982456140350876: 0.002181
PT_6_21.Adend2.0.1912280701754386: 0.001748
PT_6_21.Adend3.0.9842105263157894: 0.001772
PT_6_21.Bdend.0.11403508771929825: 0.009293
PT_6_22.Adend1.0.9912280701754386: 0.000602
PT_6_22.Adend2.0.22631578947368422: 0.000538
PT_6_22.Adend3.0.30701754385964913: 0.000576
PT_6_22.Bdend.0.4824561403508772: 0.000613
PT_6_23.Adend1.0.47543859649122805: 14.657574
PT_6_23.Adend2.0.756140350877193: 14.961878
PT_6_23.Adend3.0.39473684210526316: 11.257136
PT_6_23.Bdend.0.6614035087719299: 12.244749
PT_6_24.Adend1.0.531578947368421: 0.002048
PT_6_24.Adend2.0.6754385964912281: 0.000977
PT_6_24.Adend3.0.7526315789473684: 0.001243
PT_6_24.Bdend.0.8859649122807017: 0.001121
PT_6_25.Adend1.0.30701754385964913: 0.003483
PT_6_25.Adend2.0.32456140350877194: 0.006460
PT_6_25.Adend3.0.04035087719298246: 0.008071
PT_6_25.Bdend.0.4649122807017544: 0.008461
PT_6_26.Adend1.0.5421052631578948: 5.726551
PT_6_26.Adend2.0.5596491228070175: 0.006223
PT_6_26.Adend3.0.8543859649122807: 14.989194
PT_6_26.Bdend.0.6403508771929824: 11.094094
PT_6_27.Adend1.0.5736842105263158: 0.002576
PT_6_27.Adend2.0.08596491228070176: 0.002534
PT_6_27.Adend3.0.612280701754386: 0.002412
PT_6_27.Bdend.0.3350877192982456: 0.016609
PT_6_28.Adend1.0.8578947368421053: 14.696094
PT_6_28.Adend2.0.6298245614035087: 14.996672
PT_6_28.Adend3.0.07192982456140351: 15.000000
PT_6_28.Bdend.0.1456140350877193: 14.990528
PT_6_29.Adend1.0.987719298245614: 0.000981
PT_6_29.Adend2.0.5561403508771929: 0.001539
PT_6_29.Adend3.0.18771929824561404: 0.001539
PT_6_29.Bdend.0.5456140350877193: 0.002794
PT_6_30.soma.0.03125: 0.003073
PT_6_31.soma.0.90625: 0.003155
PT_6_32.soma.0.23958333333333331: 0.003173
PT_6_33.soma.0.05208333333333333: 0.003074
PT_6_34.soma.0.28125: 0.003184
PT_6_35.soma.0.010416666666666666: 0.003057
PT_6_36.soma.0.6770833333333333: 0.003124
PT_6_37.soma.0.8020833333333333: 0.003136
PT_6_38.soma.0.96875: 0.003184
PT_6_39.soma.0.15625: 0.003125
SOM_26_0.soma.0.6309523809523809: 0.011969
SOM_26_1.soma.0.08333333333333333: 0.012116
SOM_26_10.soma.0.75: 0.012778
SOM_26_11.soma.0.7976190476190476: 0.012800
SOM_26_12.soma.0.36904761904761907: 0.009544
SOM_26_13.soma.0.7261904761904762: 0.012690
SOM_26_14.soma.0.988095238095238: 0.012865
SOM_26_15.soma.0.6785714285714285: 0.012241
SOM_26_16.soma.0.13095238095238093: 0.011594
SOM_26_17.soma.0.7023809523809523: 0.012573
SOM_26_18.soma.0.27380952380952384: 0.009738
SOM_26_19.soma.0.6071428571428571: 0.011810
SOM_26_2.soma.0.10714285714285714: 0.011900
SOM_26_20.soma.0.9166666666666666: 0.012820
SOM_26_21.soma.0.32142857142857145: 0.009189
SOM_26_22.soma.0.8452380952380952: 0.012720
SOM_26_23.soma.0.7738095238095237: 0.012810
SOM_26_24.soma.0.8214285714285714: 0.012900
SOM_26_25.soma.0.6547619047619048: 0.012065
SOM_26_27.soma.0.4166666666666667: 0.009805
SOM_26_28.soma.0.011904761904761904: 0.012480
SOM_26_3.soma.0.03571428571428571: 0.012409
SOM_26_30.soma.0.5833333333333333: 0.011667
SOM_26_31.soma.0.9404761904761905: 0.012841
SOM_26_32.soma.0.25: 0.010027
SOM_26_33.soma.0.8928571428571428: 0.012801
SOM_26_34.soma.0.17857142857142855: 0.011012
SOM_26_35.soma.0.20238095238095238: 0.010776
SOM_26_36.soma.0.2976190476190476: 0.009444
SOM_26_37.soma.0.4880952380952381: 0.010582
SOM_26_38.soma.0.5357142857142857: 0.011103
SOM_26_4.soma.0.22619047619047616: 0.010348
SOM_26_5.soma.0.05952380952380952: 0.012302
SOM_26_6.soma.0.5595238095238095: 0.011432
SOM_26_7.soma.0.869047619047619: 0.012728
SOM_26_8.soma.0.15476190476190477: 0.011327
SOM_26_9.soma.0.5119047619047619: 0.010873
