Time: 20.000000000000306; Period: Before stimulation
PT_17_20.Adend1.0.531578947368421: 13.906494
PT_17_20.Adend2.0.38070175438596493: 1.480833
PT_17_20.Adend3.0.7035087719298245: 15.000000
PT_17_20.Bdend.0.8368421052631579: 15.000000
PT_17_21.Adend1.0.8122807017543859: 0.001604
PT_17_21.Adend2.0.48596491228070177: 0.002080
PT_17_21.Adend3.0.12105263157894737: 0.007334
PT_17_21.Bdend.0.6754385964912281: 0.002491
PT_17_22.Adend1.0.7982456140350878: 0.000587
PT_17_22.Adend2.0.3701754385964912: 0.000699
PT_17_22.Adend3.0.30701754385964913: 0.000555
PT_17_22.Bdend.0.9385964912280702: 0.000581
PT_17_23.Adend1.0.25087719298245614: 14.989513
PT_17_23.Adend2.0.387719298245614: 14.356196
PT_17_23.Adend3.0.1385964912280702: 13.024092
PT_17_23.Bdend.0.14912280701754385: 14.616975
PT_17_24.Adend1.0.04736842105263158: 0.000875
PT_17_24.Adend2.0.6192982456140351: 0.000817
PT_17_24.Adend3.0.7350877192982456: 0.000770
PT_17_24.Bdend.0.756140350877193: 0.006164
PT_17_25.Adend1.0.5771929824561404: 0.003926
PT_17_25.Adend2.0.987719298245614: 0.051986
PT_17_25.Adend3.0.1912280701754386: 0.002587
PT_17_25.Bdend.0.2789473684210526: 0.003449
PT_17_26.Adend1.0.3140350877192983: 14.531294
PT_17_26.Adend2.0.4017543859649123: 14.122319
PT_17_26.Adend3.0.42280701754385963: 1.343728
PT_17_26.Bdend.0.22982456140350876: 14.493542
PT_17_27.Adend1.0.9736842105263158: 0.004087
PT_17_27.Adend2.0.643859649122807: 0.001943
PT_17_27.Adend3.0.06140350877192982: 0.002700
PT_17_27.Bdend.0.6017543859649123: 0.002282
PT_17_28.Adend1.0.09298245614035089: 14.504634
PT_17_28.Adend2.0.5526315789473685: 15.000000
PT_17_28.Adend3.0.7701754385964912: 14.988971
PT_17_28.Bdend.0.4052631578947368: 15.000000
PT_17_29.Adend1.0.14210526315789473: 0.002079
PT_17_29.Adend2.0.843859649122807: 0.002315
PT_17_29.Adend3.0.43333333333333335: 0.002660
PT_17_29.Bdend.0.8859649122807017: 0.001359
PT_17_30.soma.0.9895833333333333: 0.002168
PT_17_31.soma.0.09375: 0.001655
PT_17_32.soma.0.30208333333333337: 0.001823
PT_17_33.soma.0.71875: 0.002119
PT_17_34.soma.0.3229166666666667: 0.001837
PT_17_35.soma.0.84375: 0.002152
PT_17_36.soma.0.05208333333333333: 0.001633
PT_17_37.soma.0.6979166666666666: 0.002117
PT_17_38.soma.0.34375: 0.001865
PT_17_39.soma.0.21875: 0.001752
PV_37_0.soma.0.42592592592592593: 0.006048
PV_37_1.soma.0.09259259259259259: 0.006602
PV_37_10.soma.0.9814814814814814: 0.006238
PV_37_11.soma.0.8703703703703703: 0.005937
PV_37_12.soma.0.24074074074074073: 0.006337
PV_37_13.soma.0.24074074074074073: 0.006363
PV_37_14.soma.0.018518518518518517: 0.006758
PV_37_15.soma.0.38888888888888884: 0.006111
PV_37_16.soma.0.6481481481481481: 0.005263
PV_37_17.soma.0.31481481481481477: 0.006412
PV_37_18.soma.0.8333333333333333: 0.005801
PV_37_19.soma.0.16666666666666666: 0.006346
PV_37_2.soma.0.05555555555555555: 0.006707
PV_37_20.soma.0.5740740740740741: 0.005333
PV_37_21.soma.0.611111111111111: 0.005071
PV_37_22.soma.0.5740740740740741: 0.005314
PV_37_23.soma.0.38888888888888884: 0.006151
PV_37_24.soma.0.35185185185185186: 0.006315
PV_37_25.soma.0.7592592592592592: 0.005595
PV_37_26.soma.0.9814814814814814: 0.006234
PV_37_27.soma.0.16666666666666666: 0.006318
PV_37_28.soma.0.6851851851851851: 0.005486
PV_37_3.soma.0.2037037037037037: 0.006295
PV_37_30.soma.0.7222222222222222: 0.005537
PV_37_31.soma.0.9074074074074073: 0.005999
PV_37_32.soma.0.16666666666666666: 0.006316
PV_37_33.soma.0.12962962962962962: 0.006459
PV_37_34.soma.0.05555555555555555: 0.006779
PV_37_35.soma.0.7592592592592592: 0.005603
PV_37_36.soma.0.2037037037037037: 0.006310
PV_37_38.soma.0.2777777777777778: 0.006352
PV_37_4.soma.0.537037037037037: 0.005541
PV_37_5.soma.0.9444444444444444: 0.006138
PV_37_6.soma.0.5: 0.005752
PV_37_7.soma.0.7222222222222222: 0.005512
PV_37_8.soma.0.7962962962962963: 0.005698
PV_37_9.soma.0.537037037037037: 0.005569
