Time: 20.000000000000306; Period: Before stimulation
PT_14_20.Adend1.0.5035087719298246: 14.855522
PT_14_20.Adend2.0.9842105263157894: 14.970193
PT_14_20.Adend3.0.9421052631578948: 14.986346
PT_14_20.Bdend.0.17017543859649123: 14.999865
PT_14_21.Adend1.0.4473684210526316: 0.001538
PT_14_21.Adend2.0.28596491228070176: 0.002166
PT_14_21.Adend3.0.7596491228070176: 0.001546
PT_14_21.Bdend.0.20526315789473684: 0.002459
PT_14_22.Adend1.0.7491228070175439: 0.000584
PT_14_22.Adend2.0.22280701754385965: 0.001023
PT_14_22.Adend3.0.5350877192982456: 0.000541
PT_14_22.Bdend.0.0017543859649122807: 0.000635
PT_14_23.Adend1.0.16666666666666669: 14.064366
PT_14_23.Adend2.0.5210526315789473: 12.493558
PT_14_23.Adend3.0.6263157894736843: 14.978570
PT_14_23.Bdend.0.22280701754385965: 3.032782
PT_14_24.Adend1.0.6543859649122807: 0.000846
PT_14_24.Adend2.0.47543859649122805: 0.002008
PT_14_24.Adend3.0.3526315789473684: 0.006960
PT_14_24.Bdend.0.7280701754385965: 0.001241
PT_14_25.Adend1.0.22631578947368422: 0.002616
PT_14_25.Adend2.0.8122807017543859: 0.003046
PT_14_25.Adend3.0.980701754385965: 0.005689
PT_14_25.Bdend.0.019298245614035085: 0.002682
PT_14_26.Adend1.0.7771929824561403: 12.792516
PT_14_26.Adend2.0.5561403508771929: 10.145355
PT_14_26.Adend3.0.2017543859649123: 14.524373
PT_14_26.Bdend.0.2754385964912281: 14.120862
PT_14_27.Adend1.0.022807017543859647: 0.001696
PT_14_27.Adend2.0.26842105263157895: 0.002332
PT_14_27.Adend3.0.17017543859649123: 0.002714
PT_14_27.Bdend.0.25087719298245614: 0.003719
PT_14_28.Adend1.0.2543859649122807: 15.000000
PT_14_28.Adend2.0.8789473684210526: 15.000000
PT_14_28.Adend3.0.2719298245614035: 15.000000
PT_14_28.Bdend.0.07192982456140351: 8.599538
PT_14_29.Adend1.0.5456140350877193: 0.001565
PT_14_29.Adend2.0.6157894736842106: 0.006738
PT_14_29.Adend3.0.41578947368421054: 0.001311
PT_14_29.Bdend.0.0543859649122807: 0.001719
PT_14_30.soma.0.90625: 0.000826
PT_14_31.soma.0.40625: 0.000758
PT_14_32.soma.0.53125: 0.000763
PT_14_33.soma.0.3854166666666667: 0.000758
PT_14_34.soma.0.6354166666666666: 0.000776
PT_14_35.soma.0.42708333333333337: 0.000756
PT_14_36.soma.0.48958333333333337: 0.000759
PT_14_37.soma.0.5104166666666666: 0.000761
PT_14_38.soma.0.9895833333333333: 0.000839
PT_14_39.soma.0.8645833333333333: 0.000817
PV_34_0.soma.0.38888888888888884: 15.000000
PV_34_1.soma.0.611111111111111: 15.000000
PV_34_10.soma.0.7592592592592592: 13.335553
PV_34_11.soma.0.2037037037037037: 15.000000
PV_34_12.soma.0.6851851851851851: 14.999979
PV_34_13.soma.0.5740740740740741: 15.000000
PV_34_14.soma.0.12962962962962962: 15.000000
PV_34_15.soma.0.7222222222222222: 14.990183
PV_34_16.soma.0.9074074074074073: 0.827179
PV_34_17.soma.0.018518518518518517: 15.000000
PV_34_18.soma.0.42592592592592593: 15.000000
PV_34_19.soma.0.16666666666666666: 15.000000
PV_34_2.soma.0.35185185185185186: 15.000000
PV_34_20.soma.0.537037037037037: 15.000000
PV_34_21.soma.0.8333333333333333: 0.029606
PV_34_22.soma.0.6481481481481481: 15.000000
PV_34_23.soma.0.09259259259259259: 15.000000
PV_34_24.soma.0.05555555555555555: 15.000000
PV_34_25.soma.0.38888888888888884: 15.000000
PV_34_26.soma.0.09259259259259259: 15.000000
PV_34_27.soma.0.7592592592592592: 13.130184
PV_34_28.soma.0.611111111111111: 15.000000
PV_34_3.soma.0.6481481481481481: 15.000000
PV_34_30.soma.0.7962962962962963: 0.882040
PV_34_31.soma.0.24074074074074073: 15.000000
PV_34_32.soma.0.4629629629629629: 15.000000
PV_34_33.soma.0.4629629629629629: 15.000000
PV_34_35.soma.0.537037037037037: 15.000000
PV_34_36.soma.0.2777777777777778: 15.000000
PV_34_37.soma.0.2037037037037037: 15.000000
PV_34_38.soma.0.4629629629629629: 15.000000
PV_34_4.soma.0.611111111111111: 15.000000
PV_34_5.soma.0.9814814814814814: 0.820966
PV_34_6.soma.0.8703703703703703: 0.227267
PV_34_7.soma.0.31481481481481477: 15.000000
PV_34_8.soma.0.9444444444444444: 0.952751
PV_34_9.soma.0.9074074074074073: 0.804751
