Time: 20.000000000000306; Period: Before stimulation
PT_5_20.Adend1.0.16666666666666669: 12.126250
PT_5_20.Adend2.0.3175438596491228: 12.727295
PT_5_20.Adend3.0.5526315789473685: 14.815112
PT_5_20.Bdend.0.4017543859649123: 13.736884
PT_5_21.Adend1.0.10350877192982456: 0.002378
PT_5_21.Adend2.0.8368421052631579: 0.002994
PT_5_21.Adend3.0.5280701754385965: 0.002754
PT_5_21.Bdend.0.9771929824561404: 0.004701
PT_5_22.Adend1.0.9280701754385965: 0.000583
PT_5_22.Adend2.0.6298245614035087: 0.000606
PT_5_22.Adend3.0.443859649122807: 0.000555
PT_5_22.Bdend.0.8894736842105263: 0.000763
PT_5_23.Adend1.0.5385964912280702: 10.412815
PT_5_23.Adend2.0.0017543859649122807: 14.978523
PT_5_23.Adend3.0.23333333333333334: 14.999143
PT_5_23.Bdend.0.9736842105263158: 0.008336
PT_5_24.Adend1.0.20526315789473684: 0.001299
PT_5_24.Adend2.0.2192982456140351: 0.001346
PT_5_24.Adend3.0.4298245614035088: 0.000821
PT_5_24.Bdend.0.5491228070175439: 0.000880
PT_5_25.Adend1.0.2578947368421053: 0.002671
PT_5_25.Adend2.0.5807017543859649: 0.003549
PT_5_25.Adend3.0.7666666666666667: 0.003814
PT_5_25.Bdend.0.9210526315789473: 0.008593
PT_5_26.Adend1.0.15263157894736842: 8.901420
PT_5_26.Adend2.0.5140350877192983: 14.907078
PT_5_26.Adend3.0.34210526315789475: 13.835554
PT_5_26.Bdend.0.05789473684210526: 14.753479
PT_5_27.Adend1.0.2649122807017544: 0.001831
PT_5_27.Adend2.0.2578947368421053: 0.001895
PT_5_27.Adend3.0.3736842105263158: 0.001945
PT_5_27.Bdend.0.4649122807017544: 0.003294
PT_5_28.Adend1.0.724561403508772: 14.998210
PT_5_28.Adend2.0.02631578947368421: 0.200883
PT_5_28.Adend3.0.7456140350877193: 15.000000
PT_5_28.Bdend.0.3666666666666667: 15.000000
PT_5_29.Adend1.0.8894736842105263: 0.001290
PT_5_29.Adend2.0.019298245614035085: 0.004366
PT_5_29.Adend3.0.6228070175438597: 0.001230
PT_5_29.Bdend.0.13157894736842105: 0.001785
PT_5_30.soma.0.03125: 0.001521
PT_5_31.soma.0.8020833333333333: 0.001592
PT_5_32.soma.0.65625: 0.001552
PT_5_33.soma.0.11458333333333334: 0.001518
PT_5_34.soma.0.21875: 0.001516
PT_5_35.soma.0.46875: 0.001529
PT_5_36.soma.0.5520833333333333: 0.001525
PT_5_37.soma.0.6770833333333333: 0.001558
PT_5_38.soma.0.5104166666666666: 0.001534
PT_5_39.soma.0.8645833333333333: 0.001611
SOM_25_0.soma.0.7261904761904762: 0.024321
SOM_25_1.soma.0.03571428571428571: 0.018789
SOM_25_10.soma.0.5119047619047619: 0.020153
SOM_25_11.soma.0.25: 0.016609
SOM_25_12.soma.0.6785714285714285: 0.023537
SOM_25_13.soma.0.05952380952380952: 0.018767
SOM_25_14.soma.0.75: 0.024511
SOM_25_15.soma.0.2976190476190476: 0.015206
SOM_25_16.soma.0.10714285714285714: 0.018373
SOM_25_17.soma.0.44047619047619047: 0.017576
SOM_25_18.soma.0.13095238095238093: 0.018234
SOM_25_19.soma.0.8928571428571428: 0.025156
SOM_25_2.soma.0.9404761904761905: 0.025284
SOM_25_20.soma.0.32142857142857145: 0.014893
SOM_25_21.soma.0.34523809523809523: 0.014389
SOM_25_22.soma.0.6547619047619048: 0.022989
SOM_25_23.soma.0.7023809523809523: 0.024075
SOM_25_24.soma.0.39285714285714285: 0.015997
SOM_25_26.soma.0.988095238095238: 0.025226
SOM_25_27.soma.0.4880952380952381: 0.019083
SOM_25_28.soma.0.22619047619047616: 0.017198
SOM_25_3.soma.0.869047619047619: 0.025026
SOM_25_30.soma.0.15476190476190477: 0.018170
SOM_25_31.soma.0.4642857142857143: 0.018282
SOM_25_32.soma.0.5595238095238095: 0.021028
SOM_25_33.soma.0.011904761904761904: 0.018836
SOM_25_34.soma.0.6071428571428571: 0.022052
SOM_25_35.soma.0.8452380952380952: 0.025126
SOM_25_36.soma.0.5357142857142857: 0.020477
SOM_25_37.soma.0.9642857142857142: 0.025407
SOM_25_38.soma.0.08333333333333333: 0.018536
SOM_25_4.soma.0.4166666666666667: 0.016590
SOM_25_5.soma.0.20238095238095238: 0.017570
SOM_25_6.soma.0.5833333333333333: 0.021609
SOM_25_7.soma.0.9166666666666666: 0.025107
SOM_25_8.soma.0.27380952380952384: 0.015838
SOM_25_9.soma.0.17857142857142855: 0.017873
