Time: 20.000000000000306; Period: Before stimulation
PT_9_20.Adend1.0.6578947368421053: 0.049769
PT_9_20.Adend2.0.2789473684210526: 14.984173
PT_9_20.Adend3.0.7771929824561403: 12.096852
PT_9_20.Bdend.0.7280701754385965: 3.730172
PT_9_21.Adend1.0.43333333333333335: 0.001720
PT_9_21.Adend2.0.7912280701754386: 0.002492
PT_9_21.Adend3.0.41578947368421054: 0.002001
PT_9_21.Bdend.0.20526315789473684: 0.001765
PT_9_22.Adend1.0.8929824561403509: 0.000753
PT_9_22.Adend2.0.6754385964912281: 0.000548
PT_9_22.Adend3.0.8719298245614036: 0.000567
PT_9_22.Bdend.0.8508771929824561: 0.000544
PT_9_23.Adend1.0.7315789473684211: 12.940898
PT_9_23.Adend2.0.7070175438596491: 14.900148
PT_9_23.Adend3.0.1: 14.039496
PT_9_23.Bdend.0.20526315789473684: 0.001765
PT_9_24.Adend1.0.6649122807017543: 0.001073
PT_9_24.Adend2.0.15263157894736842: 0.001352
PT_9_24.Adend3.0.9912280701754386: 0.000768
PT_9_24.Bdend.0.9947368421052631: 0.001020
PT_9_25.Adend1.0.8789473684210526: 0.002050
PT_9_25.Adend2.0.09298245614035089: 0.003560
PT_9_25.Adend3.0.12456140350877193: 0.004269
PT_9_25.Bdend.0.7175438596491228: 0.006355
PT_9_26.Adend1.0.7771929824561403: 11.263978
PT_9_26.Adend2.0.9701754385964912: 13.469894
PT_9_26.Adend3.0.7421052631578947: 14.316615
PT_9_26.Bdend.0.48596491228070177: 10.974569
PT_9_27.Adend1.0.643859649122807: 0.002082
PT_9_27.Adend2.0.6789473684210526: 0.000905
PT_9_27.Adend3.0.0649122807017544: 0.002574
PT_9_27.Bdend.0.9350877192982456: 0.004068
PT_9_28.Adend1.0.8017543859649123: 15.000000
PT_9_28.Adend2.0.7807017543859649: 14.967158
PT_9_28.Adend3.0.8614035087719298: 0.542915
PT_9_28.Bdend.0.9736842105263158: 13.889782
PT_9_29.Adend1.0.6087719298245614: 0.001201
PT_9_29.Adend2.0.41578947368421054: 0.009424
PT_9_29.Adend3.0.9491228070175438: 0.002091
PT_9_29.Bdend.0.8368421052631579: 0.001629
PT_9_30.soma.0.5104166666666666: 0.001614
PT_9_31.soma.0.13541666666666666: 0.001589
PT_9_32.soma.0.59375: 0.001618
PT_9_33.soma.0.48958333333333337: 0.001610
PT_9_34.soma.0.8645833333333333: 0.001726
PT_9_35.soma.0.96875: 0.001770
PT_9_36.soma.0.5520833333333333: 0.001602
PT_9_37.soma.0.19791666666666666: 0.001595
PT_9_38.soma.0.71875: 0.001658
PT_9_39.soma.0.7604166666666666: 0.001683
SOM_29_0.soma.0.27380952380952384: 0.030574
SOM_29_1.soma.0.13095238095238093: 0.032629
SOM_29_10.soma.0.5833333333333333: 0.017947
SOM_29_11.soma.0.9642857142857142: 0.011181
SOM_29_12.soma.0.22619047619047616: 0.031911
SOM_29_13.soma.0.05952380952380952: 0.032383
SOM_29_14.soma.0.6071428571428571: 0.017273
SOM_29_15.soma.0.39285714285714285: 0.023097
SOM_29_16.soma.0.7261904761904762: 0.013727
SOM_29_17.soma.0.6785714285714285: 0.015361
SOM_29_18.soma.0.03571428571428571: 0.032052
SOM_29_19.soma.0.44047619047619047: 0.021229
SOM_29_2.soma.0.32142857142857145: 0.027803
SOM_29_20.soma.0.8928571428571428: 0.011209
SOM_29_21.soma.0.8214285714285714: 0.011191
SOM_29_22.soma.0.08333333333333333: 0.032253
SOM_29_23.soma.0.7976190476190476: 0.011750
SOM_29_24.soma.0.5595238095238095: 0.018303
SOM_29_25.soma.0.011904761904761904: 0.032227
SOM_29_26.soma.0.75: 0.013059
SOM_29_27.soma.0.988095238095238: 0.011189
SOM_29_28.soma.0.25: 0.031704
SOM_29_3.soma.0.6547619047619048: 0.016163
SOM_29_30.soma.0.869047619047619: 0.011257
SOM_29_31.soma.0.9166666666666666: 0.011177
SOM_29_32.soma.0.8452380952380952: 0.011240
SOM_29_33.soma.0.10714285714285714: 0.032422
SOM_29_34.soma.0.5119047619047619: 0.019356
SOM_29_35.soma.0.4880952380952381: 0.019909
SOM_29_36.soma.0.7023809523809523: 0.014387
SOM_29_37.soma.0.5357142857142857: 0.018675
SOM_29_38.soma.0.4166666666666667: 0.021842
SOM_29_4.soma.0.6309523809523809: 0.016748
SOM_29_5.soma.0.4642857142857143: 0.020526
SOM_29_6.soma.0.36904761904761907: 0.024759
SOM_29_7.soma.0.20238095238095238: 0.032201
SOM_29_8.soma.0.2976190476190476: 0.029003
SOM_29_9.soma.0.9404761904761905: 0.011188
