Time: 20.000000000000306; Period: Before stimulation
PT_15_20.Adend1.0.387719298245614: 14.082763
PT_15_20.Adend2.0.8964912280701754: 14.770090
PT_15_20.Adend3.0.6403508771929824: 12.790582
PT_15_20.Bdend.0.1280701754385965: 14.385287
PT_15_21.Adend1.0.48596491228070177: 0.005847
PT_15_21.Adend2.0.6578947368421053: 0.001578
PT_15_21.Adend3.0.3701754385964912: 0.019162
PT_15_21.Bdend.0.4824561403508772: 0.001577
PT_15_22.Adend1.0.08947368421052632: 0.000577
PT_15_22.Adend2.0.5877192982456141: 0.000542
PT_15_22.Adend3.0.12456140350877193: 0.000708
PT_15_22.Bdend.0.7315789473684211: 0.000581
PT_15_23.Adend1.0.6157894736842106: 14.819722
PT_15_23.Adend2.0.043859649122807015: 14.758034
PT_15_23.Adend3.0.5491228070175439: 14.957152
PT_15_23.Bdend.0.24035087719298245: 11.126423
PT_15_24.Adend1.0.5701754385964912: 0.000793
PT_15_24.Adend2.0.6754385964912281: 0.000769
PT_15_24.Adend3.0.987719298245614: 0.000904
PT_15_24.Bdend.0.8789473684210526: 0.000806
PT_15_25.Adend1.0.6403508771929824: 0.011781
PT_15_25.Adend2.0.9280701754385965: 0.002522
PT_15_25.Adend3.0.5: 0.003351
PT_15_25.Bdend.0.38070175438596493: 0.002562
PT_15_26.Adend1.0.7175438596491228: 14.999996
PT_15_26.Adend2.0.2964912280701754: 12.257859
PT_15_26.Adend3.0.6859649122807018: 14.206859
PT_15_26.Bdend.0.19824561403508772: 14.887804
PT_15_27.Adend1.0.5105263157894737: 0.002323
PT_15_27.Adend2.0.22280701754385965: 0.008195
PT_15_27.Adend3.0.6684210526315789: 0.002711
PT_15_27.Bdend.0.3526315789473684: 0.002159
PT_15_28.Adend1.0.987719298245614: 15.000000
PT_15_28.Adend2.0.6964912280701755: 14.694476
PT_15_28.Adend3.0.4473684210526316: 15.000000
PT_15_28.Bdend.0.019298245614035085: 9.408687
PT_15_29.Adend1.0.3315789473684211: 0.001532
PT_15_29.Adend2.0.18070175438596492: 0.010451
PT_15_29.Adend3.0.3315789473684211: 0.001251
PT_15_29.Bdend.0.8894736842105263: 0.001542
PT_15_30.soma.0.3229166666666667: 0.001106
PT_15_31.soma.0.7604166666666666: 0.001054
PT_15_32.soma.0.5104166666666666: 0.001108
PT_15_33.soma.0.71875: 0.001052
PT_15_34.soma.0.42708333333333337: 0.001099
PT_15_35.soma.0.84375: 0.001057
PT_15_36.soma.0.65625: 0.001050
PT_15_37.soma.0.8229166666666666: 0.001058
PT_15_38.soma.0.40625: 0.001104
PT_15_39.soma.0.53125: 0.001099
PV_35_0.soma.0.38888888888888884: 0.896394
PV_35_1.soma.0.7222222222222222: 0.010300
PV_35_10.soma.0.9814814814814814: 0.019417
PV_35_11.soma.0.5: 0.013407
PV_35_12.soma.0.8703703703703703: 0.012984
PV_35_13.soma.0.35185185185185186: 4.157285
PV_35_14.soma.0.9444444444444444: 0.014910
PV_35_15.soma.0.2777777777777778: 14.132404
PV_35_16.soma.0.09259259259259259: 14.999991
PV_35_17.soma.0.4629629629629629: 0.025974
PV_35_18.soma.0.16666666666666666: 14.999688
PV_35_19.soma.0.018518518518518517: 14.999995
PV_35_2.soma.0.2037037037037037: 14.997186
PV_35_20.soma.0.12962962962962962: 14.999918
PV_35_21.soma.0.6481481481481481: 0.009069
PV_35_22.soma.0.09259259259259259: 14.999983
PV_35_23.soma.0.9814814814814814: 0.018878
PV_35_24.soma.0.2777777777777778: 13.995687
PV_35_25.soma.0.31481481481481477: 9.538975
PV_35_26.soma.0.537037037037037: 0.012091
PV_35_27.soma.0.24074074074074073: 14.922215
PV_35_28.soma.0.31481481481481477: 9.690713
PV_35_3.soma.0.5740740740740741: 0.011004
PV_35_30.soma.0.7962962962962963: 0.011522
PV_35_31.soma.0.6851851851851851: 0.009722
PV_35_32.soma.0.611111111111111: 0.010061
PV_35_33.soma.0.16666666666666666: 14.999551
PV_35_34.soma.0.9074074074074073: 0.013733
PV_35_36.soma.0.42592592592592593: 0.082157
PV_35_37.soma.0.7962962962962963: 0.011521
PV_35_38.soma.0.7592592592592592: 0.010866
PV_35_4.soma.0.05555555555555555: 14.999996
PV_35_5.soma.0.9444444444444444: 0.014896
PV_35_6.soma.0.8703703703703703: 0.012994
PV_35_7.soma.0.9074074074074073: 0.013563
PV_35_8.soma.0.9074074074074073: 0.013555
PV_35_9.soma.0.09259259259259259: 14.999988
