Time: 20.000000000000306; Period: Before stimulation
PT_1_20.Adend1.0.7491228070175439: 14.570583
PT_1_20.Adend2.0.4368421052631579: 15.000000
PT_1_20.Adend3.0.3631578947368421: 12.811206
PT_1_20.Bdend.0.3280701754385965: 14.970998
PT_1_21.Adend1.0.4298245614035088: 0.002730
PT_1_21.Adend2.0.5140350877192983: 0.001789
PT_1_21.Adend3.0.6192982456140351: 0.002265
PT_1_21.Bdend.0.6333333333333333: 0.002523
PT_1_22.Adend1.0.956140350877193: 0.000538
PT_1_22.Adend2.0.6157894736842106: 0.000624
PT_1_22.Adend3.0.14912280701754385: 0.000583
PT_1_22.Bdend.0.5596491228070175: 0.000658
PT_1_23.Adend1.0.868421052631579: 14.846936
PT_1_23.Adend2.0.9947368421052631: 14.801447
PT_1_23.Adend3.0.6263157894736843: 0.705046
PT_1_23.Bdend.0.956140350877193: 14.753592
PT_1_24.Adend1.0.5982456140350877: 0.000984
PT_1_24.Adend2.0.2754385964912281: 0.001254
PT_1_24.Adend3.0.8929824561403509: 0.001319
PT_1_24.Bdend.0.6649122807017543: 0.000807
PT_1_25.Adend1.0.4263157894736842: 0.003344
PT_1_25.Adend2.0.11754385964912281: 0.002387
PT_1_25.Adend3.0.756140350877193: 0.006405
PT_1_25.Bdend.0.7175438596491228: 0.004979
PT_1_26.Adend1.0.11754385964912281: 12.476489
PT_1_26.Adend2.0.8473684210526315: 14.937695
PT_1_26.Adend3.0.6543859649122807: 14.742107
PT_1_26.Bdend.0.1736842105263158: 13.502438
PT_1_27.Adend1.0.7736842105263158: 0.003866
PT_1_27.Adend2.0.7: 0.001987
PT_1_27.Adend3.0.6157894736842106: 0.001863
PT_1_27.Bdend.0.45789473684210524: 0.004574
PT_1_28.Adend1.0.9491228070175438: 0.497525
PT_1_28.Adend2.0.9736842105263158: 14.944216
PT_1_28.Adend3.0.8052631578947369: 15.000000
PT_1_28.Bdend.0.18070175438596492: 14.999903
PT_1_29.Adend1.0.9596491228070175: 0.001011
PT_1_29.Adend2.0.9105263157894737: 0.001883
PT_1_29.Adend3.0.02982456140350877: 0.001061
PT_1_29.Bdend.0.24035087719298245: 0.001671
PT_1_30.soma.0.5729166666666666: 0.002238
PT_1_31.soma.0.71875: 0.002126
PT_1_32.soma.0.13541666666666666: 0.002289
PT_1_33.soma.0.6770833333333333: 0.002152
PT_1_34.soma.0.11458333333333334: 0.002279
PT_1_35.soma.0.36458333333333337: 0.002288
PT_1_36.soma.0.9270833333333333: 0.002059
PT_1_37.soma.0.05208333333333333: 0.002290
PT_1_38.soma.0.59375: 0.002215
PT_1_39.soma.0.6979166666666666: 0.002136
SOM_21_0.soma.0.36904761904761907: 11.883557
SOM_21_1.soma.0.75: 11.038342
SOM_21_10.soma.0.011904761904761904: 14.936746
SOM_21_11.soma.0.5119047619047619: 1.979719
SOM_21_12.soma.0.03571428571428571: 14.907483
SOM_21_13.soma.0.27380952380952384: 12.929614
SOM_21_14.soma.0.15476190476190477: 14.476151
SOM_21_15.soma.0.5595238095238095: 1.186269
SOM_21_16.soma.0.8928571428571428: 14.881966
SOM_21_17.soma.0.9404761904761905: 14.935704
SOM_21_18.soma.0.34523809523809523: 12.524911
SOM_21_19.soma.0.8452380952380952: 14.573164
SOM_21_2.soma.0.17857142857142855: 14.277020
SOM_21_20.soma.0.5833333333333333: 0.853087
SOM_21_22.soma.0.9166666666666666: 14.907598
SOM_21_23.soma.0.05952380952380952: 14.817502
SOM_21_24.soma.0.7976190476190476: 13.287173
SOM_21_25.soma.0.5357142857142857: 1.540021
SOM_21_26.soma.0.988095238095238: 14.932354
SOM_21_27.soma.0.22619047619047616: 13.196333
SOM_21_28.soma.0.6309523809523809: 1.215116
SOM_21_3.soma.0.4166666666666667: 9.472521
SOM_21_30.soma.0.6785714285714285: 3.338679
SOM_21_31.soma.0.10714285714285714: 14.781955
SOM_21_32.soma.0.4880952380952381: 3.967191
SOM_21_33.soma.0.4642857142857143: 5.069640
SOM_21_34.soma.0.9642857142857142: 14.936420
SOM_21_35.soma.0.20238095238095238: 13.944538
SOM_21_36.soma.0.6071428571428571: 0.692129
SOM_21_37.soma.0.25: 13.033950
SOM_21_38.soma.0.6547619047619048: 1.923326
SOM_21_4.soma.0.7261904761904762: 9.048885
SOM_21_5.soma.0.7023809523809523: 5.573918
SOM_21_6.soma.0.869047619047619: 14.790408
SOM_21_7.soma.0.7738095238095237: 12.583722
SOM_21_8.soma.0.32142857142857145: 12.700431
SOM_21_9.soma.0.39285714285714285: 10.629084
