Time: 20.000000000000306; Period: Before stimulation
PT_4_20.Adend1.0.8192982456140351: 13.946606
PT_4_20.Adend2.0.5175438596491229: 14.990188
PT_4_20.Adend3.0.6964912280701755: 0.069529
PT_4_20.Bdend.0.48596491228070177: 0.034650
PT_4_21.Adend1.0.9736842105263158: 0.001335
PT_4_21.Adend2.0.7421052631578947: 0.001618
PT_4_21.Adend3.0.4052631578947368: 0.002065
PT_4_21.Bdend.0.2929824561403509: 0.001564
PT_4_22.Adend1.0.6333333333333333: 0.000606
PT_4_22.Adend2.0.18070175438596492: 0.000625
PT_4_22.Adend3.0.6894736842105263: 0.000607
PT_4_22.Bdend.0.47192982456140353: 0.000683
PT_4_23.Adend1.0.42280701754385963: 13.204612
PT_4_23.Adend2.0.7350877192982456: 0.451088
PT_4_23.Adend3.0.11754385964912281: 13.959933
PT_4_23.Bdend.0.4368421052631579: 14.327264
PT_4_24.Adend1.0.34210526315789475: 0.000886
PT_4_24.Adend2.0.4543859649122807: 0.000762
PT_4_24.Adend3.0.1631578947368421: 0.000841
PT_4_24.Bdend.0.5736842105263158: 0.000823
PT_4_25.Adend1.0.7842105263157895: 0.045726
PT_4_25.Adend2.0.9210526315789473: 0.003031
PT_4_25.Adend3.0.9315789473684211: 0.005272
PT_4_25.Bdend.0.9175438596491228: 0.003838
PT_4_26.Adend1.0.13508771929824562: 14.721400
PT_4_26.Adend2.0.012280701754385965: 14.968433
PT_4_26.Adend3.0.2017543859649123: 14.907693
PT_4_26.Bdend.0.2719298245614035: 6.673456
PT_4_27.Adend1.0.980701754385965: 0.002421
PT_4_27.Adend2.0.9245614035087719: 0.002712
PT_4_27.Adend3.0.9491228070175438: 0.002157
PT_4_27.Bdend.0.6508771929824562: 0.002245
PT_4_28.Adend1.0.5736842105263158: 15.000000
PT_4_28.Adend2.0.7912280701754386: 15.000000
PT_4_28.Adend3.0.8403508771929825: 14.999976
PT_4_28.Bdend.0.8017543859649123: 15.000000
PT_4_29.Adend1.0.9491228070175438: 0.005515
PT_4_29.Adend2.0.6649122807017543: 0.001678
PT_4_29.Adend3.0.4192982456140351: 0.001135
PT_4_29.Bdend.0.32456140350877194: 0.009024
PT_4_30.soma.0.7395833333333333: 0.001670
PT_4_31.soma.0.6770833333333333: 0.001648
PT_4_32.soma.0.78125: 0.001681
PT_4_33.soma.0.90625: 0.001723
PT_4_34.soma.0.6979166666666666: 0.001647
PT_4_35.soma.0.4479166666666667: 0.001597
PT_4_36.soma.0.19791666666666666: 0.001480
PT_4_37.soma.0.07291666666666667: 0.001482
PT_4_38.soma.0.53125: 0.001642
PT_4_39.soma.0.2604166666666667: 0.001508
SOM_24_0.soma.0.36904761904761907: 0.014758
SOM_24_1.soma.0.05952380952380952: 0.018666
SOM_24_10.soma.0.8928571428571428: 0.015015
SOM_24_11.soma.0.2976190476190476: 0.015890
SOM_24_12.soma.0.7976190476190476: 0.013871
SOM_24_13.soma.0.17857142857142855: 0.017674
SOM_24_14.soma.0.5119047619047619: 0.012450
SOM_24_15.soma.0.75: 0.013089
SOM_24_16.soma.0.8452380952380952: 0.014500
SOM_24_17.soma.0.10714285714285714: 0.018589
SOM_24_18.soma.0.15476190476190477: 0.017889
SOM_24_19.soma.0.39285714285714285: 0.014408
SOM_24_2.soma.0.4642857142857143: 0.012919
SOM_24_20.soma.0.03571428571428571: 0.018729
SOM_24_21.soma.0.4880952380952381: 0.012342
SOM_24_22.soma.0.8214285714285714: 0.014211
SOM_24_23.soma.0.988095238095238: 0.015018
SOM_24_25.soma.0.6547619047619048: 0.012577
SOM_24_26.soma.0.44047619047619047: 0.013382
SOM_24_27.soma.0.6071428571428571: 0.012131
SOM_24_28.soma.0.869047619047619: 0.014894
SOM_24_3.soma.0.9404761904761905: 0.014932
SOM_24_30.soma.0.5833333333333333: 0.012322
SOM_24_31.soma.0.7261904761904762: 0.012948
SOM_24_32.soma.0.22619047619047616: 0.016880
SOM_24_33.soma.0.6785714285714285: 0.012598
SOM_24_34.soma.0.32142857142857145: 0.015491
SOM_24_35.soma.0.6309523809523809: 0.012375
SOM_24_36.soma.0.9166666666666666: 0.014818
SOM_24_37.soma.0.7738095238095237: 0.013517
SOM_24_38.soma.0.13095238095238093: 0.018149
SOM_24_4.soma.0.34523809523809523: 0.015118
SOM_24_5.soma.0.25: 0.016609
SOM_24_6.soma.0.4166666666666667: 0.013970
SOM_24_7.soma.0.9642857142857142: 0.014892
SOM_24_8.soma.0.5595238095238095: 0.012303
SOM_24_9.soma.0.5357142857142857: 0.012443
