Time: 20.000000000000306; Period: Before stimulation
PT_0_20.Adend1.0.18070175438596492: 13.341519
PT_0_20.Adend2.0.03684210526315789: 14.227738
PT_0_20.Adend3.0.41578947368421054: 14.991344
PT_0_20.Bdend.0.19473684210526315: 14.943337
PT_0_21.Adend1.0.9456140350877194: 0.001632
PT_0_21.Adend2.0.38070175438596493: 0.005100
PT_0_21.Adend3.0.06842105263157895: 0.001212
PT_0_21.Bdend.0.07192982456140351: 0.002403
PT_0_22.Adend1.0.4543859649122807: 0.000540
PT_0_22.Adend2.0.14210526315789473: 0.000908
PT_0_22.Adend3.0.1: 0.000539
PT_0_22.Bdend.0.156140350877193: 0.001135
PT_0_23.Adend1.0.16666666666666669: 0.019971
PT_0_23.Adend2.0.2894736842105263: 0.001682
PT_0_23.Adend3.0.5140350877192983: 12.647751
PT_0_23.Bdend.0.05789473684210526: 11.237305
PT_0_24.Adend1.0.4649122807017544: 0.001396
PT_0_24.Adend2.0.2929824561403509: 0.000741
PT_0_24.Adend3.0.5280701754385965: 0.002422
PT_0_24.Bdend.0.0017543859649122807: 0.001469
PT_0_25.Adend1.0.7280701754385965: 0.002462
PT_0_25.Adend2.0.9140350877192982: 0.003311
PT_0_25.Adend3.0.7280701754385965: 0.002539
PT_0_25.Bdend.0.5: 0.005784
PT_0_26.Adend1.0.012280701754385965: 12.263141
PT_0_26.Adend2.0.3701754385964912: 6.534074
PT_0_26.Adend3.0.868421052631579: 13.854822
PT_0_26.Bdend.0.5982456140350877: 13.245394
PT_0_27.Adend1.0.17017543859649123: 0.002256
PT_0_27.Adend2.0.8719298245614036: 0.002158
PT_0_27.Adend3.0.46842105263157896: 0.006246
PT_0_27.Bdend.0.6473684210526316: 0.013038
PT_0_28.Adend1.0.08947368421052632: 15.000000
PT_0_28.Adend2.0.19824561403508772: 15.000000
PT_0_28.Adend3.0.5210526315789473: 0.165047
PT_0_28.Bdend.0.4824561403508772: 15.000000
PT_0_29.Adend1.0.5947368421052631: 0.004530
PT_0_29.Adend2.0.6684210526315789: 0.001088
PT_0_29.Adend3.0.06842105263157895: 0.001213
PT_0_29.Bdend.0.9210526315789473: 0.002850
PT_0_30.soma.0.53125: 0.001259
PT_0_31.soma.0.90625: 0.001345
PT_0_32.soma.0.48958333333333337: 0.001257
PT_0_33.soma.0.11458333333333334: 0.001238
PT_0_34.soma.0.59375: 0.001260
PT_0_35.soma.0.3229166666666667: 0.001245
PT_0_36.soma.0.5520833333333333: 0.001255
PT_0_37.soma.0.8645833333333333: 0.001334
PT_0_38.soma.0.05208333333333333: 0.001238
PT_0_39.soma.0.13541666666666666: 0.001236
SOM_20_0.soma.0.34523809523809523: 0.010929
SOM_20_1.soma.0.9404761904761905: 0.006911
SOM_20_10.soma.0.6547619047619048: 0.009597
SOM_20_11.soma.0.8214285714285714: 0.007969
SOM_20_12.soma.0.2976190476190476: 0.010638
SOM_20_13.soma.0.011904761904761904: 0.009806
SOM_20_14.soma.0.988095238095238: 0.006745
SOM_20_15.soma.0.17857142857142855: 0.009895
SOM_20_16.soma.0.4642857142857143: 0.010962
SOM_20_17.soma.0.44047619047619047: 0.011118
SOM_20_18.soma.0.27380952380952384: 0.010465
SOM_20_19.soma.0.25: 0.010377
SOM_20_2.soma.0.4880952380952381: 0.010878
SOM_20_21.soma.0.9642857142857142: 0.006746
SOM_20_22.soma.0.13095238095238093: 0.009731
SOM_20_23.soma.0.8928571428571428: 0.007280
SOM_20_24.soma.0.8452380952380952: 0.007745
SOM_20_25.soma.0.7261904761904762: 0.008964
SOM_20_26.soma.0.5119047619047619: 0.010654
SOM_20_27.soma.0.15476190476190477: 0.009814
SOM_20_28.soma.0.75: 0.008643
SOM_20_3.soma.0.5357142857142857: 0.010503
SOM_20_30.soma.0.32142857142857145: 0.010879
SOM_20_31.soma.0.6071428571428571: 0.009939
SOM_20_32.soma.0.05952380952380952: 0.009763
SOM_20_33.soma.0.36904761904761907: 0.011017
SOM_20_34.soma.0.6785714285714285: 0.009326
SOM_20_35.soma.0.10714285714285714: 0.009876
SOM_20_36.soma.0.5595238095238095: 0.010265
SOM_20_37.soma.0.6309523809523809: 0.009758
SOM_20_38.soma.0.03571428571428571: 0.009763
SOM_20_4.soma.0.7738095238095237: 0.008391
SOM_20_5.soma.0.5833333333333333: 0.010135
SOM_20_6.soma.0.22619047619047616: 0.010251
SOM_20_7.soma.0.9166666666666666: 0.007071
SOM_20_8.soma.0.39285714285714285: 0.011012
SOM_20_9.soma.0.869047619047619: 0.007521
