Time: 20.000000000000306; Period: Before stimulation
PT_13_20.Adend1.0.008771929824561403: 1.538634
PT_13_20.Adend2.0.05789473684210526: 14.896914
PT_13_20.Adend3.0.5140350877192983: 12.141472
PT_13_20.Bdend.0.4649122807017544: 14.606294
PT_13_21.Adend1.0.7210526315789474: 0.002970
PT_13_21.Adend2.0.6543859649122807: 0.001661
PT_13_21.Adend3.0.3280701754385965: 0.001293
PT_13_21.Bdend.0.9982456140350877: 0.001841
PT_13_22.Adend1.0.7035087719298245: 0.000559
PT_13_22.Adend2.0.4614035087719298: 0.000590
PT_13_22.Adend3.0.6192982456140351: 0.000568
PT_13_22.Bdend.0.12456140350877193: 0.000559
PT_13_23.Adend1.0.2824561403508772: 14.196740
PT_13_23.Adend2.0.10701754385964912: 14.992754
PT_13_23.Adend3.0.7771929824561403: 0.192455
PT_13_23.Bdend.0.9105263157894737: 14.593153
PT_13_24.Adend1.0.7526315789473684: 0.000871
PT_13_24.Adend2.0.1842105263157895: 0.000754
PT_13_24.Adend3.0.18771929824561404: 0.001105
PT_13_24.Bdend.0.2754385964912281: 0.000845
PT_13_25.Adend1.0.9947368421052631: 0.005473
PT_13_25.Adend2.0.14912280701754385: 0.012103
PT_13_25.Adend3.0.7842105263157895: 0.004067
PT_13_25.Bdend.0.7456140350877193: 0.006126
PT_13_26.Adend1.0.37719298245614036: 14.580295
PT_13_26.Adend2.0.1280701754385965: 14.857606
PT_13_26.Adend3.0.3666666666666667: 14.615323
PT_13_26.Bdend.0.531578947368421: 1.399243
PT_13_27.Adend1.0.8859649122807017: 0.002213
PT_13_27.Adend2.0.15964912280701754: 0.006029
PT_13_27.Adend3.0.7842105263157895: 0.004063
PT_13_27.Bdend.0.5175438596491229: 0.002158
PT_13_28.Adend1.0.9070175438596492: 15.000000
PT_13_28.Adend2.0.14210526315789473: 0.143623
PT_13_28.Adend3.0.015789473684210527: 15.000000
PT_13_28.Bdend.0.5912280701754385: 14.996650
PT_13_29.Adend1.0.4614035087719298: 0.001529
PT_13_29.Adend2.0.3491228070175439: 0.001143
PT_13_29.Adend3.0.9596491228070175: 0.001209
PT_13_29.Bdend.0.2614035087719298: 0.002011
PT_13_30.soma.0.17708333333333331: 0.001570
PT_13_31.soma.0.5729166666666666: 0.001604
PT_13_32.soma.0.36458333333333337: 0.001564
PT_13_33.soma.0.4479166666666667: 0.001583
PT_13_34.soma.0.30208333333333337: 0.001559
PT_13_35.soma.0.96875: 0.001645
PT_13_36.soma.0.40625: 0.001563
PT_13_37.soma.0.9895833333333333: 0.001655
PT_13_38.soma.0.3854166666666667: 0.001565
PT_13_39.soma.0.48958333333333337: 0.001603
PV_33_0.soma.0.9444444444444444: 0.013808
PV_33_1.soma.0.16666666666666666: 0.006960
PV_33_10.soma.0.09259259259259259: 0.006359
PV_33_11.soma.0.7222222222222222: 0.012588
PV_33_12.soma.0.35185185185185186: 0.008514
PV_33_13.soma.0.38888888888888884: 0.008904
PV_33_14.soma.0.09259259259259259: 0.006352
PV_33_15.soma.0.31481481481481477: 0.008161
PV_33_16.soma.0.5: 0.009602
PV_33_17.soma.0.018518518518518517: 0.006569
PV_33_18.soma.0.12962962962962962: 0.006632
PV_33_19.soma.0.5: 0.009690
PV_33_2.soma.0.8703703703703703: 0.013717
PV_33_20.soma.0.42592592592592593: 0.009117
PV_33_21.soma.0.09259259259259259: 0.006300
PV_33_22.soma.0.2037037037037037: 0.007274
PV_33_23.soma.0.611111111111111: 0.010852
PV_33_24.soma.0.4629629629629629: 0.009451
PV_33_25.soma.0.05555555555555555: 0.006413
PV_33_26.soma.0.16666666666666666: 0.006971
PV_33_27.soma.0.9814814814814814: 0.013678
PV_33_28.soma.0.2777777777777778: 0.008065
PV_33_3.soma.0.38888888888888884: 0.008870
PV_33_30.soma.0.05555555555555555: 0.006446
PV_33_31.soma.0.05555555555555555: 0.006422
PV_33_32.soma.0.4629629629629629: 0.009340
PV_33_34.soma.0.42592592592592593: 0.009103
PV_33_35.soma.0.31481481481481477: 0.008247
PV_33_36.soma.0.5740740740740741: 0.010291
PV_33_37.soma.0.7962962962962963: 0.013153
PV_33_38.soma.0.6481481481481481: 0.011314
PV_33_4.soma.0.8333333333333333: 0.013429
PV_33_5.soma.0.6851851851851851: 0.011957
PV_33_6.soma.0.7222222222222222: 0.012556
PV_33_7.soma.0.35185185185185186: 0.008498
PV_33_8.soma.0.9074074074074073: 0.013768
PV_33_9.soma.0.24074074074074073: 0.007658
