Time: 20.000000000000306; Period: Before stimulation
PT_16_20.Adend1.0.8368421052631579: 0.022208
PT_16_20.Adend2.0.4473684210526316: 3.045753
PT_16_20.Adend3.0.8298245614035088: 15.000000
PT_16_20.Bdend.0.5631578947368421: 14.963777
PT_16_21.Adend1.0.24035087719298245: 0.002738
PT_16_21.Adend2.0.8228070175438597: 0.005247
PT_16_21.Adend3.0.28596491228070176: 0.001398
PT_16_21.Bdend.0.7175438596491228: 0.002539
PT_16_22.Adend1.0.9456140350877194: 0.000608
PT_16_22.Adend2.0.4614035087719298: 0.000594
PT_16_22.Adend3.0.9666666666666667: 0.000558
PT_16_22.Bdend.0.7421052631578947: 0.000875
PT_16_23.Adend1.0.9947368421052631: 14.862149
PT_16_23.Adend2.0.956140350877193: 14.962068
PT_16_23.Adend3.0.2017543859649123: 14.628577
PT_16_23.Bdend.0.5561403508771929: 14.432772
PT_16_24.Adend1.0.5456140350877193: 0.000761
PT_16_24.Adend2.0.5526315789473685: 0.000864
PT_16_24.Adend3.0.8789473684210526: 0.000877
PT_16_24.Bdend.0.1912280701754386: 0.001274
PT_16_25.Adend1.0.8403508771929825: 0.002115
PT_16_25.Adend2.0.8368421052631579: 0.005941
PT_16_25.Adend3.0.387719298245614: 0.008221
PT_16_25.Bdend.0.30701754385964913: 0.002962
PT_16_26.Adend1.0.04035087719298246: 14.564532
PT_16_26.Adend2.0.6017543859649123: 14.306659
PT_16_26.Adend3.0.6719298245614035: 12.661649
PT_16_26.Bdend.0.5736842105263158: 14.664290
PT_16_27.Adend1.0.8087719298245614: 0.003146
PT_16_27.Adend2.0.7035087719298245: 0.017299
PT_16_27.Adend3.0.7: 0.002440
PT_16_27.Bdend.0.8087719298245614: 0.002483
PT_16_28.Adend1.0.22280701754385965: 13.203693
PT_16_28.Adend2.0.8403508771929825: 0.112579
PT_16_28.Adend3.0.7736842105263158: 14.892803
PT_16_28.Bdend.0.47543859649122805: 15.000000
PT_16_29.Adend1.0.8578947368421053: 0.001351
PT_16_29.Adend2.0.043859649122807015: 0.001026
PT_16_29.Adend3.0.9982456140350877: 0.001035
PT_16_29.Bdend.0.20526315789473684: 0.001192
PT_16_30.soma.0.9270833333333333: 0.001993
PT_16_31.soma.0.05208333333333333: 0.001607
PT_16_32.soma.0.010416666666666666: 0.001605
PT_16_33.soma.0.2604166666666667: 0.001688
PT_16_34.soma.0.9479166666666666: 0.001992
PT_16_35.soma.0.03125: 0.001603
PT_16_36.soma.0.53125: 0.001806
PT_16_37.soma.0.15625: 0.001645
PT_16_38.soma.0.07291666666666667: 0.001614
PT_16_39.soma.0.6145833333333333: 0.001842
PV_36_0.soma.0.2037037037037037: 0.017460
PV_36_1.soma.0.4629629629629629: 0.020186
PV_36_10.soma.0.537037037037037: 0.019683
PV_36_11.soma.0.6481481481481481: 0.016002
PV_36_12.soma.0.09259259259259259: 0.016242
PV_36_13.soma.0.7222222222222222: 0.014050
PV_36_14.soma.0.7962962962962963: 0.011592
PV_36_15.soma.0.611111111111111: 0.016739
PV_36_16.soma.0.35185185185185186: 0.019205
PV_36_17.soma.0.6851851851851851: 0.015363
PV_36_18.soma.0.2777777777777778: 0.018198
PV_36_19.soma.0.6481481481481481: 0.016041
PV_36_2.soma.0.12962962962962962: 0.016183
PV_36_20.soma.0.5: 0.020299
PV_36_21.soma.0.9074074074074073: 0.008794
PV_36_22.soma.0.9814814814814814: 0.008794
PV_36_23.soma.0.018518518518518517: 0.016301
PV_36_24.soma.0.24074074074074073: 0.018015
PV_36_25.soma.0.8333333333333333: 0.010448
PV_36_26.soma.0.7592592592592592: 0.012846
PV_36_27.soma.0.12962962962962962: 0.016228
PV_36_28.soma.0.5: 0.020420
PV_36_3.soma.0.38888888888888884: 0.019760
PV_36_30.soma.0.5740740740740741: 0.018175
PV_36_31.soma.0.42592592592592593: 0.019942
PV_36_32.soma.0.5: 0.020299
PV_36_33.soma.0.611111111111111: 0.016775
PV_36_34.soma.0.31481481481481477: 0.018919
PV_36_35.soma.0.05555555555555555: 0.016180
PV_36_37.soma.0.8703703703703703: 0.009622
PV_36_38.soma.0.9444444444444444: 0.008802
PV_36_4.soma.0.6851851851851851: 0.015261
PV_36_5.soma.0.537037037037037: 0.019705
PV_36_6.soma.0.7592592592592592: 0.012843
PV_36_7.soma.0.2037037037037037: 0.017435
PV_36_8.soma.0.5740740740740741: 0.018100
PV_36_9.soma.0.16666666666666666: 0.016997
