Time: 20.000000000000306; Period: Before stimulation
PT_2_20.Adend1.0.6052631578947368: 14.690542
PT_2_20.Adend2.0.22982456140350876: 11.644127
PT_2_20.Adend3.0.8052631578947369: 14.999712
PT_2_20.Bdend.0.6859649122807018: 0.034589
PT_2_21.Adend1.0.6403508771929824: 0.001301
PT_2_21.Adend2.0.03684210526315789: 0.001347
PT_2_21.Adend3.0.5947368421052631: 0.001372
PT_2_21.Bdend.0.8824561403508772: 0.001680
PT_2_22.Adend1.0.9245614035087719: 0.000560
PT_2_22.Adend2.0.4964912280701754: 0.000544
PT_2_22.Adend3.0.5456140350877193: 0.000576
PT_2_22.Bdend.0.2649122807017544: 0.000579
PT_2_23.Adend1.0.24035087719298245: 11.791431
PT_2_23.Adend2.0.9245614035087719: 14.945397
PT_2_23.Adend3.0.7: 14.999357
PT_2_23.Bdend.0.8824561403508772: 0.001684
PT_2_24.Adend1.0.12456140350877193: 0.000830
PT_2_24.Adend2.0.7807017543859649: 0.001305
PT_2_24.Adend3.0.531578947368421: 0.000775
PT_2_24.Bdend.0.49298245614035086: 0.000811
PT_2_25.Adend1.0.8859649122807017: 0.003231
PT_2_25.Adend2.0.06842105263157895: 0.002805
PT_2_25.Adend3.0.4824561403508772: 0.002309
PT_2_25.Bdend.0.6263157894736843: 0.003746
PT_2_26.Adend1.0.868421052631579: 14.567992
PT_2_26.Adend2.0.4052631578947368: 13.618813
PT_2_26.Adend3.0.14912280701754385: 14.773552
PT_2_26.Bdend.0.3912280701754386: 13.562137
PT_2_27.Adend1.0.7105263157894737: 0.003612
PT_2_27.Adend2.0.1631578947368421: 0.002038
PT_2_27.Adend3.0.05789473684210526: 0.002475
PT_2_27.Bdend.0.08947368421052632: 0.004822
PT_2_28.Adend1.0.1736842105263158: 15.000000
PT_2_28.Adend2.0.531578947368421: 14.956353
PT_2_28.Adend3.0.28596491228070176: 15.000000
PT_2_28.Bdend.0.6017543859649123: 15.000000
PT_2_29.Adend1.0.14912280701754385: 0.001307
PT_2_29.Adend2.0.7912280701754386: 0.001713
PT_2_29.Adend3.0.34210526315789475: 0.003259
PT_2_29.Bdend.0.6894736842105263: 0.004127
PT_2_30.soma.0.010416666666666666: 0.002085
PT_2_31.soma.0.96875: 0.002494
PT_2_32.soma.0.78125: 0.002415
PT_2_33.soma.0.3229166666666667: 0.002130
PT_2_34.soma.0.46875: 0.002230
PT_2_35.soma.0.21875: 0.002094
PT_2_36.soma.0.42708333333333337: 0.002174
PT_2_37.soma.0.2604166666666667: 0.002110
PT_2_38.soma.0.05208333333333333: 0.002083
PT_2_39.soma.0.9895833333333333: 0.002504
SOM_22_0.soma.0.7976190476190476: 0.009022
SOM_22_1.soma.0.39285714285714285: 0.010843
SOM_22_10.soma.0.8928571428571428: 0.009575
SOM_22_11.soma.0.5595238095238095: 0.009613
SOM_22_12.soma.0.7738095238095237: 0.008843
SOM_22_13.soma.0.9404761904761905: 0.009679
SOM_22_14.soma.0.5357142857142857: 0.009812
SOM_22_15.soma.0.05952380952380952: 0.012727
SOM_22_16.soma.0.4642857142857143: 0.010313
SOM_22_17.soma.0.17857142857142855: 0.012987
SOM_22_18.soma.0.36904761904761907: 0.010999
SOM_22_19.soma.0.7261904761904762: 0.008539
SOM_22_2.soma.0.08333333333333333: 0.012903
SOM_22_20.soma.0.6785714285714285: 0.008564
SOM_22_21.soma.0.7023809523809523: 0.008292
SOM_22_23.soma.0.2976190476190476: 0.011574
SOM_22_24.soma.0.6071428571428571: 0.009195
SOM_22_25.soma.0.75: 0.008779
SOM_22_26.soma.0.8214285714285714: 0.009129
SOM_22_27.soma.0.32142857142857145: 0.011329
SOM_22_28.soma.0.10714285714285714: 0.013063
SOM_22_3.soma.0.6309523809523809: 0.008962
SOM_22_30.soma.0.03571428571428571: 0.012852
SOM_22_31.soma.0.4166666666666667: 0.010700
SOM_22_32.soma.0.15476190476190477: 0.012912
SOM_22_33.soma.0.27380952380952384: 0.011905
SOM_22_34.soma.0.011904761904761904: 0.012750
SOM_22_35.soma.0.9642857142857142: 0.009714
SOM_22_36.soma.0.13095238095238093: 0.012910
SOM_22_37.soma.0.869047619047619: 0.009444
SOM_22_38.soma.0.988095238095238: 0.009600
SOM_22_4.soma.0.5119047619047619: 0.009990
SOM_22_5.soma.0.9166666666666666: 0.009634
SOM_22_6.soma.0.22619047619047616: 0.012509
SOM_22_7.soma.0.34523809523809523: 0.011130
SOM_22_8.soma.0.25: 0.012158
SOM_22_9.soma.0.8452380952380952: 0.009313
