Time: 20.000000000000306; Period: Before stimulation
PT_8_20.Adend1.0.6403508771929824: 14.972245
PT_8_20.Adend2.0.5736842105263158: 14.888525
PT_8_20.Adend3.0.23333333333333334: 9.707494
PT_8_20.Bdend.0.44035087719298244: 14.282976
PT_8_21.Adend1.0.5771929824561404: 0.001504
PT_8_21.Adend2.0.47543859649122805: 0.002329
PT_8_21.Adend3.0.4614035087719298: 0.001318
PT_8_21.Bdend.0.3315789473684211: 0.001666
PT_8_22.Adend1.0.787719298245614: 0.000746
PT_8_22.Adend2.0.756140350877193: 0.000574
PT_8_22.Adend3.0.9947368421052631: 0.000615
PT_8_22.Bdend.0.7526315789473684: 0.000798
PT_8_23.Adend1.0.19473684210526315: 14.798673
PT_8_23.Adend2.0.5982456140350877: 0.007477
PT_8_23.Adend3.0.9771929824561404: 11.982491
PT_8_23.Bdend.0.6929824561403509: 0.007892
PT_8_24.Adend1.0.6789473684210526: 0.001064
PT_8_24.Adend2.0.5456140350877193: 0.000907
PT_8_24.Adend3.0.38070175438596493: 0.001048
PT_8_24.Bdend.0.3456140350877193: 0.000912
PT_8_25.Adend1.0.2649122807017544: 0.006944
PT_8_25.Adend2.0.4298245614035088: 0.002605
PT_8_25.Adend3.0.8122807017543859: 0.002847
PT_8_25.Bdend.0.7: 0.002477
PT_8_26.Adend1.0.5175438596491229: 14.115412
PT_8_26.Adend2.0.7912280701754386: 14.885086
PT_8_26.Adend3.0.9105263157894737: 14.985517
PT_8_26.Bdend.0.5035087719298246: 13.257347
PT_8_27.Adend1.0.03333333333333333: 0.003774
PT_8_27.Adend2.0.5947368421052631: 0.002846
PT_8_27.Adend3.0.3631578947368421: 0.002079
PT_8_27.Bdend.0.6017543859649123: 0.002834
PT_8_28.Adend1.0.03333333333333333: 0.003766
PT_8_28.Adend2.0.2614035087719298: 15.000000
PT_8_28.Adend3.0.8964912280701754: 14.997660
PT_8_28.Bdend.0.5491228070175439: 15.000000
PT_8_29.Adend1.0.06842105263157895: 0.001223
PT_8_29.Adend2.0.8157894736842105: 0.001675
PT_8_29.Adend3.0.6649122807017543: 0.001268
PT_8_29.Bdend.0.3526315789473684: 0.000904
PT_8_30.soma.0.36458333333333337: 0.001284
PT_8_31.soma.0.9479166666666666: 0.001299
PT_8_32.soma.0.09375: 0.001260
PT_8_33.soma.0.13541666666666666: 0.001259
PT_8_34.soma.0.11458333333333334: 0.001254
PT_8_35.soma.0.23958333333333331: 0.001260
PT_8_36.soma.0.6354166666666666: 0.001241
PT_8_37.soma.0.3229166666666667: 0.001276
PT_8_38.soma.0.17708333333333331: 0.001260
PT_8_39.soma.0.4479166666666667: 0.001295
SOM_28_0.soma.0.7976190476190476: 0.005949
SOM_28_1.soma.0.22619047619047616: 0.005856
SOM_28_10.soma.0.08333333333333333: 0.005938
SOM_28_11.soma.0.8214285714285714: 0.005998
SOM_28_12.soma.0.988095238095238: 0.006163
SOM_28_13.soma.0.7738095238095237: 0.005930
SOM_28_14.soma.0.5833333333333333: 0.005480
SOM_28_15.soma.0.4880952380952381: 0.005456
SOM_28_16.soma.0.9166666666666666: 0.006095
SOM_28_17.soma.0.4642857142857143: 0.005580
SOM_28_18.soma.0.03571428571428571: 0.005911
SOM_28_19.soma.0.7023809523809523: 0.005798
SOM_28_2.soma.0.9642857142857142: 0.006131
SOM_28_20.soma.0.9404761904761905: 0.006139
SOM_28_21.soma.0.5357142857142857: 0.005292
SOM_28_22.soma.0.8928571428571428: 0.006055
SOM_28_23.soma.0.5595238095238095: 0.005403
SOM_28_24.soma.0.13095238095238093: 0.005967
SOM_28_25.soma.0.4166666666666667: 0.005592
SOM_28_26.soma.0.20238095238095238: 0.005857
SOM_28_27.soma.0.05952380952380952: 0.005932
SOM_28_3.soma.0.34523809523809523: 0.005707
SOM_28_30.soma.0.39285714285714285: 0.005680
SOM_28_31.soma.0.75: 0.005873
SOM_28_32.soma.0.2976190476190476: 0.005772
SOM_28_33.soma.0.5119047619047619: 0.005394
SOM_28_34.soma.0.869047619047619: 0.006051
SOM_28_35.soma.0.15476190476190477: 0.005937
SOM_28_36.soma.0.6785714285714285: 0.005680
SOM_28_37.soma.0.36904761904761907: 0.005704
SOM_28_38.soma.0.27380952380952384: 0.005816
SOM_28_4.soma.0.6071428571428571: 0.005514
SOM_28_5.soma.0.44047619047619047: 0.005604
SOM_28_6.soma.0.17857142857142855: 0.005893
SOM_28_7.soma.0.8452380952380952: 0.006009
SOM_28_8.soma.0.32142857142857145: 0.005736
SOM_28_9.soma.0.6547619047619048: 0.005649
