Time: 20.000000000000306; Period: Before stimulation
PT_3_20.Adend1.0.3631578947368421: 14.981067
PT_3_20.Adend2.0.10701754385964912: 13.478582
PT_3_20.Adend3.0.48596491228070177: 14.593861
PT_3_20.Bdend.0.1280701754385965: 0.070362
PT_3_21.Adend1.0.8017543859649123: 0.002919
PT_3_21.Adend2.0.5105263157894737: 0.001879
PT_3_21.Adend3.0.14210526315789473: 0.001415
PT_3_21.Bdend.0.13508771929824562: 0.002262
PT_3_22.Adend1.0.5421052631578948: 0.000531
PT_3_22.Adend2.0.8403508771929825: 0.000543
PT_3_22.Adend3.0.4614035087719298: 0.000571
PT_3_22.Bdend.0.7982456140350878: 0.000754
PT_3_23.Adend1.0.1912280701754386: 14.343090
PT_3_23.Adend2.0.6473684210526316: 11.293490
PT_3_23.Adend3.0.20526315789473684: 9.886741
PT_3_23.Bdend.0.4052631578947368: 14.089149
PT_3_24.Adend1.0.9245614035087719: 0.000758
PT_3_24.Adend2.0.2824561403508772: 0.000793
PT_3_24.Adend3.0.6087719298245614: 0.001096
PT_3_24.Bdend.0.2578947368421053: 0.000770
PT_3_25.Adend1.0.7596491228070176: 0.002774
PT_3_25.Adend2.0.2543859649122807: 0.002037
PT_3_25.Adend3.0.5947368421052631: 0.003827
PT_3_25.Bdend.0.1456140350877193: 0.005936
PT_3_26.Adend1.0.7491228070175439: 8.115046
PT_3_26.Adend2.0.1280701754385965: 14.992513
PT_3_26.Adend3.0.49298245614035086: 12.916793
PT_3_26.Bdend.0.20877192982456141: 0.536928
PT_3_27.Adend1.0.6192982456140351: 0.002115
PT_3_27.Adend2.0.8157894736842105: 0.002183
PT_3_27.Adend3.0.44035087719298244: 0.002460
PT_3_27.Bdend.0.19824561403508772: 0.004006
PT_3_28.Adend1.0.09298245614035089: 13.737889
PT_3_28.Adend2.0.7701754385964912: 15.000000
PT_3_28.Adend3.0.24385964912280703: 14.948155
PT_3_28.Bdend.0.8192982456140351: 14.872299
PT_3_29.Adend1.0.9280701754385965: 0.001684
PT_3_29.Adend2.0.5350877192982456: 0.001630
PT_3_29.Adend3.0.6543859649122807: 0.001950
PT_3_29.Bdend.0.2578947368421053: 0.000771
PT_3_30.soma.0.15625: 0.001635
PT_3_31.soma.0.30208333333333337: 0.001678
PT_3_32.soma.0.17708333333333331: 0.001633
PT_3_33.soma.0.34375: 0.001722
PT_3_34.soma.0.40625: 0.001788
PT_3_35.soma.0.8645833333333333: 0.002021
PT_3_36.soma.0.23958333333333331: 0.001632
PT_3_37.soma.0.13541666666666666: 0.001634
PT_3_38.soma.0.8229166666666666: 0.002012
PT_3_39.soma.0.28125: 0.001661
SOM_23_0.soma.0.4642857142857143: 0.007785
SOM_23_1.soma.0.9642857142857142: 0.005158
SOM_23_10.soma.0.10714285714285714: 0.010351
SOM_23_11.soma.0.22619047619047616: 0.009620
SOM_23_12.soma.0.13095238095238093: 0.010242
SOM_23_13.soma.0.5833333333333333: 0.006882
SOM_23_14.soma.0.17857142857142855: 0.009978
SOM_23_15.soma.0.36904761904761907: 0.008399
SOM_23_16.soma.0.7023809523809523: 0.006111
SOM_23_17.soma.0.9404761904761905: 0.005186
SOM_23_18.soma.0.5357142857142857: 0.007196
SOM_23_19.soma.0.6785714285714285: 0.006286
SOM_23_2.soma.0.8452380952380952: 0.005407
SOM_23_20.soma.0.08333333333333333: 0.010363
SOM_23_21.soma.0.9166666666666666: 0.005070
SOM_23_22.soma.0.4880952380952381: 0.007575
SOM_23_24.soma.0.34523809523809523: 0.008670
SOM_23_25.soma.0.25: 0.009506
SOM_23_26.soma.0.03571428571428571: 0.010307
SOM_23_27.soma.0.27380952380952384: 0.009219
SOM_23_28.soma.0.2976190476190476: 0.009093
SOM_23_3.soma.0.6547619047619048: 0.006385
SOM_23_30.soma.0.05952380952380952: 0.010431
SOM_23_31.soma.0.7976190476190476: 0.005650
SOM_23_32.soma.0.988095238095238: 0.005152
SOM_23_33.soma.0.5119047619047619: 0.007397
SOM_23_34.soma.0.4166666666666667: 0.008113
SOM_23_35.soma.0.8214285714285714: 0.005574
SOM_23_36.soma.0.6309523809523809: 0.006510
SOM_23_37.soma.0.75: 0.005893
SOM_23_38.soma.0.8928571428571428: 0.005202
SOM_23_4.soma.0.39285714285714285: 0.008260
SOM_23_5.soma.0.011904761904761904: 0.010397
SOM_23_6.soma.0.15476190476190477: 0.010163
SOM_23_7.soma.0.869047619047619: 0.005296
SOM_23_8.soma.0.7261904761904762: 0.005993
SOM_23_9.soma.0.5595238095238095: 0.007045
