Time: 20.000000000000306; Period: Before stimulation
PT_10_20.Adend1.0.6017543859649123: 15.000000
PT_10_20.Adend2.0.8508771929824561: 14.833412
PT_10_20.Adend3.0.9947368421052631: 14.984029
PT_10_20.Bdend.0.43333333333333335: 12.642936
PT_10_21.Adend1.0.8122807017543859: 0.002361
PT_10_21.Adend2.0.7526315789473684: 0.001705
PT_10_21.Adend3.0.6754385964912281: 0.001497
PT_10_21.Bdend.0.15263157894736842: 0.005075
PT_10_22.Adend1.0.8052631578947369: 0.000597
PT_10_22.Adend2.0.9210526315789473: 0.000551
PT_10_22.Adend3.0.17719298245614035: 0.000541
PT_10_22.Bdend.0.5596491228070175: 0.000568
PT_10_23.Adend1.0.28596491228070176: 14.734821
PT_10_23.Adend2.0.956140350877193: 14.880192
PT_10_23.Adend3.0.06140350877192982: 0.314972
PT_10_23.Bdend.0.3175438596491228: 14.666379
PT_10_24.Adend1.0.7035087719298245: 0.001480
PT_10_24.Adend2.0.6157894736842106: 0.001078
PT_10_24.Adend3.0.05087719298245614: 0.001059
PT_10_24.Bdend.0.3666666666666667: 0.000882
PT_10_25.Adend1.0.2649122807017544: 0.031082
PT_10_25.Adend2.0.6614035087719299: 0.010447
PT_10_25.Adend3.0.48947368421052634: 0.002718
PT_10_25.Bdend.0.9421052631578948: 0.003827
PT_10_26.Adend1.0.3175438596491228: 14.750440
PT_10_26.Adend2.0.26842105263157895: 12.635909
PT_10_26.Adend3.0.20877192982456141: 14.947524
PT_10_26.Bdend.0.1385964912280702: 4.213479
PT_10_27.Adend1.0.43333333333333335: 0.002119
PT_10_27.Adend2.0.9105263157894737: 0.002237
PT_10_27.Adend3.0.9070175438596492: 0.003303
PT_10_27.Bdend.0.0543859649122807: 0.006690
PT_10_28.Adend1.0.21578947368421053: 0.074552
PT_10_28.Adend2.0.7701754385964912: 15.000000
PT_10_28.Adend3.0.2824561403508772: 15.000000
PT_10_28.Bdend.0.13157894736842105: 14.848963
PT_10_29.Adend1.0.21228070175438596: 0.004023
PT_10_29.Adend2.0.22982456140350876: 0.001210
PT_10_29.Adend3.0.7947368421052632: 0.001443
PT_10_29.Bdend.0.5140350877192983: 0.002588
PT_10_30.soma.0.9479166666666666: 0.003607
PT_10_31.soma.0.11458333333333334: 0.003227
PT_10_32.soma.0.03125: 0.003224
PT_10_33.soma.0.30208333333333337: 0.003372
PT_10_34.soma.0.65625: 0.003620
PT_10_35.soma.0.21875: 0.003274
PT_10_36.soma.0.8645833333333333: 0.003529
PT_10_37.soma.0.9895833333333333: 0.003645
PT_10_38.soma.0.34375: 0.003428
PT_10_39.soma.0.96875: 0.003619
PV_30_0.soma.0.38888888888888884: 0.010637
PV_30_1.soma.0.35185185185185186: 0.010017
PV_30_10.soma.0.2777777777777778: 0.008737
PV_30_11.soma.0.16666666666666666: 0.006656
PV_30_12.soma.0.8333333333333333: 0.016989
PV_30_13.soma.0.2777777777777778: 0.008751
PV_30_14.soma.0.31481481481481477: 0.009415
PV_30_15.soma.0.05555555555555555: 0.005645
PV_30_16.soma.0.31481481481481477: 0.009360
PV_30_17.soma.0.611111111111111: 0.015059
PV_30_18.soma.0.4629629629629629: 0.011708
PV_30_19.soma.0.8703703703703703: 0.016871
PV_30_2.soma.0.7592592592592592: 0.016892
PV_30_20.soma.0.5740740740740741: 0.014086
PV_30_21.soma.0.09259259259259259: 0.005660
PV_30_22.soma.0.9074074074074073: 0.016652
PV_30_23.soma.0.5: 0.012370
PV_30_24.soma.0.12962962962962962: 0.006210
PV_30_25.soma.0.31481481481481477: 0.009367
PV_30_26.soma.0.24074074074074073: 0.007911
PV_30_27.soma.0.5: 0.012294
PV_30_28.soma.0.537037037037037: 0.013324
PV_30_3.soma.0.7222222222222222: 0.016739
PV_30_31.soma.0.7962962962962963: 0.017006
PV_30_32.soma.0.9074074074074073: 0.016642
PV_30_33.soma.0.7592592592592592: 0.016969
PV_30_34.soma.0.2037037037037037: 0.007221
PV_30_35.soma.0.018518518518518517: 0.005697
PV_30_36.soma.0.9814814814814814: 0.016216
PV_30_37.soma.0.9444444444444444: 0.016574
PV_30_38.soma.0.9814814814814814: 0.016223
PV_30_4.soma.0.6481481481481481: 0.015618
PV_30_5.soma.0.42592592592592593: 0.011209
PV_30_6.soma.0.9444444444444444: 0.016579
PV_30_7.soma.0.38888888888888884: 0.010618
PV_30_8.soma.0.6851851851851851: 0.016177
PV_30_9.soma.0.9814814814814814: 0.016322
