Time: 20.000000000000306; Period: Before stimulation
PT_12_20.Adend1.0.37719298245614036: 14.663464
PT_12_20.Adend2.0.8754385964912281: 14.978719
PT_12_20.Adend3.0.3: 14.691288
PT_12_20.Bdend.0.7421052631578947: 0.001573
PT_12_21.Adend1.0.39824561403508774: 0.001590
PT_12_21.Adend2.0.8017543859649123: 0.001468
PT_12_21.Adend3.0.3280701754385965: 0.002001
PT_12_21.Bdend.0.13508771929824562: 0.002041
PT_12_22.Adend1.0.1105263157894737: 0.000574
PT_12_22.Adend2.0.1280701754385965: 0.000509
PT_12_22.Adend3.0.724561403508772: 0.000586
PT_12_22.Bdend.0.3666666666666667: 0.000943
PT_12_23.Adend1.0.11403508771929825: 0.002424
PT_12_23.Adend2.0.9245614035087719: 14.996218
PT_12_23.Adend3.0.4614035087719298: 13.506362
PT_12_23.Bdend.0.6192982456140351: 14.477262
PT_12_24.Adend1.0.34210526315789475: 0.000776
PT_12_24.Adend2.0.6263157894736843: 0.001002
PT_12_24.Adend3.0.6228070175438597: 0.000774
PT_12_24.Bdend.0.7421052631578947: 0.001573
PT_12_25.Adend1.0.8964912280701754: 0.004145
PT_12_25.Adend2.0.5807017543859649: 0.055134
PT_12_25.Adend3.0.5210526315789473: 0.005500
PT_12_25.Bdend.0.6824561403508772: 0.003691
PT_12_26.Adend1.0.0824561403508772: 8.417374
PT_12_26.Adend2.0.6578947368421053: 14.818251
PT_12_26.Adend3.0.05789473684210526: 10.088635
PT_12_26.Bdend.0.8368421052631579: 11.873275
PT_12_27.Adend1.0.09298245614035089: 0.005947
PT_12_27.Adend2.0.08947368421052632: 0.006418
PT_12_27.Adend3.0.09298245614035089: 0.002418
PT_12_27.Bdend.0.9350877192982456: 0.003024
PT_12_28.Adend1.0.13508771929824562: 13.224163
PT_12_28.Adend2.0.5666666666666667: 15.000000
PT_12_28.Adend3.0.7807017543859649: 15.000000
PT_12_28.Bdend.0.3140350877192983: 15.000000
PT_12_29.Adend1.0.18070175438596492: 0.001154
PT_12_29.Adend2.0.12456140350877193: 0.000985
PT_12_29.Adend3.0.8719298245614036: 0.001232
PT_12_29.Bdend.0.8508771929824561: 0.006134
PT_12_30.soma.0.15625: 0.001567
PT_12_31.soma.0.11458333333333334: 0.001560
PT_12_32.soma.0.5520833333333333: 0.001678
PT_12_33.soma.0.6354166666666666: 0.001691
PT_12_34.soma.0.4479166666666667: 0.001625
PT_12_35.soma.0.6145833333333333: 0.001682
PT_12_36.soma.0.3854166666666667: 0.001593
PT_12_37.soma.0.6979166666666666: 0.001711
PT_12_38.soma.0.9270833333333333: 0.001790
PT_12_39.soma.0.9895833333333333: 0.001813
PV_32_0.soma.0.2037037037037037: 0.008323
PV_32_1.soma.0.9074074074074073: 0.014364
PV_32_10.soma.0.38888888888888884: 0.010658
PV_32_11.soma.0.5740740740740741: 0.011750
PV_32_12.soma.0.537037037037037: 0.011502
PV_32_13.soma.0.018518518518518517: 0.008832
PV_32_14.soma.0.38888888888888884: 0.010647
PV_32_15.soma.0.42592592592592593: 0.010700
PV_32_16.soma.0.7592592592592592: 0.012772
PV_32_17.soma.0.8703703703703703: 0.014268
PV_32_18.soma.0.12962962962962962: 0.008587
PV_32_19.soma.0.09259259259259259: 0.008641
PV_32_2.soma.0.35185185185185186: 0.009970
PV_32_20.soma.0.7962962962962963: 0.013142
PV_32_21.soma.0.24074074074074073: 0.007964
PV_32_22.soma.0.611111111111111: 0.011827
PV_32_23.soma.0.9814814814814814: 0.014443
PV_32_24.soma.0.2037037037037037: 0.008450
PV_32_25.soma.0.09259259259259259: 0.008562
PV_32_26.soma.0.8703703703703703: 0.014210
PV_32_27.soma.0.6481481481481481: 0.011963
PV_32_28.soma.0.6851851851851851: 0.012470
PV_32_3.soma.0.16666666666666666: 0.008519
PV_32_30.soma.0.9444444444444444: 0.014387
PV_32_31.soma.0.05555555555555555: 0.008681
PV_32_33.soma.0.5740740740740741: 0.011725
PV_32_34.soma.0.5: 0.011263
PV_32_35.soma.0.8333333333333333: 0.013745
PV_32_36.soma.0.7962962962962963: 0.013084
PV_32_37.soma.0.4629629629629629: 0.011014
PV_32_38.soma.0.7592592592592592: 0.012819
PV_32_4.soma.0.9074074074074073: 0.014343
PV_32_5.soma.0.7222222222222222: 0.012646
PV_32_6.soma.0.2037037037037037: 0.008348
PV_32_7.soma.0.2777777777777778: 0.008563
PV_32_8.soma.0.12962962962962962: 0.008568
PV_32_9.soma.0.2037037037037037: 0.008361
