Time: 20.000000000000306; Period: Before stimulation
PT_19_20.Adend1.0.9175438596491228: 14.806003
PT_19_20.Adend2.0.8368421052631579: 0.163636
PT_19_20.Adend3.0.956140350877193: 12.046366
PT_19_20.Bdend.0.45789473684210524: 2.003870
PT_19_21.Adend1.0.04736842105263158: 0.001927
PT_19_21.Adend2.0.7947368421052632: 0.002294
PT_19_21.Adend3.0.5385964912280702: 0.002290
PT_19_21.Bdend.0.987719298245614: 0.001855
PT_19_22.Adend1.0.10350877192982456: 0.000621
PT_19_22.Adend2.0.5631578947368421: 0.000638
PT_19_22.Adend3.0.7350877192982456: 0.000654
PT_19_22.Bdend.0.4368421052631579: 0.000559
PT_19_23.Adend1.0.03684210526315789: 0.781376
PT_19_23.Adend2.0.6824561403508772: 15.000000
PT_19_23.Adend3.0.5456140350877193: 0.059190
PT_19_23.Bdend.0.2017543859649123: 0.004156
PT_19_24.Adend1.0.3456140350877193: 0.000772
PT_19_24.Adend2.0.8298245614035088: 0.001038
PT_19_24.Adend3.0.8052631578947369: 0.000870
PT_19_24.Bdend.0.17719298245614035: 0.000929
PT_19_25.Adend1.0.3631578947368421: 0.003237
PT_19_25.Adend2.0.3701754385964912: 0.005886
PT_19_25.Adend3.0.8157894736842105: 0.007863
PT_19_25.Bdend.0.09649122807017545: 0.003963
PT_19_26.Adend1.0.02982456140350877: 0.011463
PT_19_26.Adend2.0.07543859649122807: 8.228779
PT_19_26.Adend3.0.4263157894736842: 14.794952
PT_19_26.Bdend.0.11754385964912281: 4.421567
PT_19_27.Adend1.0.02982456140350877: 0.011468
PT_19_27.Adend2.0.6157894736842106: 0.002409
PT_19_27.Adend3.0.9456140350877194: 0.003029
PT_19_27.Bdend.0.2017543859649123: 0.004144
PT_19_28.Adend1.0.156140350877193: 14.972666
PT_19_28.Adend2.0.7771929824561403: 14.857003
PT_19_28.Adend3.0.6824561403508772: 15.000000
PT_19_28.Bdend.0.9385964912280702: 14.980832
PT_19_29.Adend1.0.5456140350877193: 0.001382
PT_19_29.Adend2.0.03684210526315789: 0.021858
PT_19_29.Adend3.0.3315789473684211: 0.055647
PT_19_29.Bdend.0.6719298245614035: 0.001697
PT_19_30.soma.0.34375: 0.000869
PT_19_31.soma.0.7395833333333333: 0.000939
PT_19_32.soma.0.6145833333333333: 0.000924
PT_19_33.soma.0.07291666666666667: 0.000854
PT_19_34.soma.0.6770833333333333: 0.000932
PT_19_35.soma.0.5729166666666666: 0.000918
PT_19_36.soma.0.28125: 0.000854
PT_19_37.soma.0.9270833333333333: 0.000973
PT_19_38.soma.0.36458333333333337: 0.000873
PT_19_39.soma.0.13541666666666666: 0.000858
PV_39_0.soma.0.2777777777777778: 14.999994
PV_39_1.soma.0.8333333333333333: 14.996301
PV_39_10.soma.0.42592592592592593: 15.000000
PV_39_11.soma.0.9814814814814814: 14.950303
PV_39_12.soma.0.09259259259259259: 2.609492
PV_39_13.soma.0.018518518518518517: 11.651200
PV_39_14.soma.0.5740740740740741: 15.000000
PV_39_15.soma.0.611111111111111: 15.000000
PV_39_16.soma.0.5: 15.000000
PV_39_17.soma.0.35185185185185186: 15.000000
PV_39_18.soma.0.8703703703703703: 14.990167
PV_39_19.soma.0.7962962962962963: 14.998756
PV_39_2.soma.0.24074074074074073: 14.999493
PV_39_20.soma.0.9444444444444444: 14.915598
PV_39_21.soma.0.12962962962962962: 0.555255
PV_39_22.soma.0.16666666666666666: 9.101820
PV_39_23.soma.0.38888888888888884: 15.000000
PV_39_24.soma.0.5740740740740741: 15.000000
PV_39_25.soma.0.9074074074074073: 14.973712
PV_39_26.soma.0.05555555555555555: 7.914319
PV_39_27.soma.0.9444444444444444: 14.924282
PV_39_28.soma.0.8703703703703703: 14.988366
PV_39_3.soma.0.35185185185185186: 15.000000
PV_39_30.soma.0.7592592592592592: 14.999131
PV_39_31.soma.0.537037037037037: 15.000000
PV_39_32.soma.0.7592592592592592: 14.999239
PV_39_33.soma.0.31481481481481477: 15.000000
PV_39_34.soma.0.16666666666666666: 8.825567
PV_39_35.soma.0.7222222222222222: 14.999720
PV_39_36.soma.0.7222222222222222: 14.999667
PV_39_37.soma.0.9814814814814814: 14.943912
PV_39_38.soma.0.12962962962962962: 0.570202
PV_39_4.soma.0.018518518518518517: 11.930330
PV_39_5.soma.0.6851851851851851: 14.999981
PV_39_6.soma.0.4629629629629629: 15.000000
PV_39_7.soma.0.24074074074074073: 14.999582
PV_39_8.soma.0.6481481481481481: 14.999999
PV_39_9.soma.0.537037037037037: 15.000000
