Time: 20.000000000000306; Period: Before stimulation
PT_11_20.Adend1.0.7385964912280701: 14.616630
PT_11_20.Adend2.0.6614035087719299: 12.144537
PT_11_20.Adend3.0.012280701754385965: 14.592178
PT_11_20.Bdend.0.3456140350877193: 14.969638
PT_11_21.Adend1.0.9: 0.002443
PT_11_21.Adend2.0.08947368421052632: 0.003469
PT_11_21.Adend3.0.4649122807017544: 0.001852
PT_11_21.Bdend.0.9947368421052631: 0.008083
PT_11_22.Adend1.0.9596491228070175: 0.000622
PT_11_22.Adend2.0.21578947368421053: 0.000850
PT_11_22.Adend3.0.03684210526315789: 0.000538
PT_11_22.Bdend.0.5105263157894737: 0.000567
PT_11_23.Adend1.0.6333333333333333: 10.841675
PT_11_23.Adend2.0.9035087719298246: 14.999847
PT_11_23.Adend3.0.2719298245614035: 14.465915
PT_11_23.Bdend.0.9631578947368421: 14.457635
PT_11_24.Adend1.0.9701754385964912: 0.000785
PT_11_24.Adend2.0.980701754385965: 0.000770
PT_11_24.Adend3.0.9350877192982456: 0.000785
PT_11_24.Bdend.0.2578947368421053: 0.000910
PT_11_25.Adend1.0.03333333333333333: 0.002477
PT_11_25.Adend2.0.8228070175438597: 0.004848
PT_11_25.Adend3.0.6859649122807018: 0.041040
PT_11_25.Bdend.0.6052631578947368: 0.005568
PT_11_26.Adend1.0.11403508771929825: 12.259447
PT_11_26.Adend2.0.9631578947368421: 6.566029
PT_11_26.Adend3.0.7982456140350878: 14.986592
PT_11_26.Bdend.0.5421052631578948: 14.801441
PT_11_27.Adend1.0.0543859649122807: 0.004421
PT_11_27.Adend2.0.156140350877193: 0.002204
PT_11_27.Adend3.0.1: 0.002078
PT_11_27.Bdend.0.4824561403508772: 0.006118
PT_11_28.Adend1.0.37719298245614036: 14.765767
PT_11_28.Adend2.0.17719298245614035: 14.953075
PT_11_28.Adend3.0.7842105263157895: 15.000000
PT_11_28.Bdend.0.2368421052631579: 14.825792
PT_11_29.Adend1.0.05087719298245614: 0.001732
PT_11_29.Adend2.0.1105263157894737: 0.002215
PT_11_29.Adend3.0.6333333333333333: 0.002299
PT_11_29.Bdend.0.5035087719298246: 0.001166
PT_11_30.soma.0.30208333333333337: 0.002084
PT_11_31.soma.0.9895833333333333: 0.002248
PT_11_32.soma.0.07291666666666667: 0.001960
PT_11_33.soma.0.34375: 0.002113
PT_11_34.soma.0.48958333333333337: 0.002235
PT_11_35.soma.0.7395833333333333: 0.002179
PT_11_36.soma.0.13541666666666666: 0.001958
PT_11_37.soma.0.6770833333333333: 0.002205
PT_11_38.soma.0.8229166666666666: 0.002185
PT_11_39.soma.0.59375: 0.002233
PV_31_0.soma.0.9814814814814814: 0.010188
PV_31_1.soma.0.5: 0.007133
PV_31_10.soma.0.5740740740740741: 0.007789
PV_31_11.soma.0.9074074074074073: 0.010022
PV_31_12.soma.0.537037037037037: 0.007490
PV_31_13.soma.0.05555555555555555: 0.004072
PV_31_14.soma.0.7592592592592592: 0.009098
PV_31_15.soma.0.7222222222222222: 0.008640
PV_31_16.soma.0.5: 0.007114
PV_31_17.soma.0.2037037037037037: 0.004948
PV_31_18.soma.0.09259259259259259: 0.004247
PV_31_19.soma.0.6481481481481481: 0.008192
PV_31_2.soma.0.9074074074074073: 0.009958
PV_31_20.soma.0.537037037037037: 0.007514
PV_31_21.soma.0.018518518518518517: 0.003858
PV_31_22.soma.0.42592592592592593: 0.006395
PV_31_23.soma.0.6851851851851851: 0.008436
PV_31_24.soma.0.9074074074074073: 0.010112
PV_31_25.soma.0.31481481481481477: 0.005603
PV_31_26.soma.0.8703703703703703: 0.009855
PV_31_27.soma.0.4629629629629629: 0.006727
PV_31_28.soma.0.7962962962962963: 0.009575
PV_31_3.soma.0.8703703703703703: 0.009840
PV_31_30.soma.0.9444444444444444: 0.010104
PV_31_32.soma.0.8333333333333333: 0.009646
PV_31_33.soma.0.611111111111111: 0.007965
PV_31_34.soma.0.24074074074074073: 0.005173
PV_31_35.soma.0.018518518518518517: 0.003913
PV_31_36.soma.0.35185185185185186: 0.005834
PV_31_37.soma.0.2777777777777778: 0.005447
PV_31_38.soma.0.16666666666666666: 0.004676
PV_31_4.soma.0.9814814814814814: 0.010187
PV_31_5.soma.0.38888888888888884: 0.006139
PV_31_6.soma.0.2777777777777778: 0.005441
PV_31_7.soma.0.7592592592592592: 0.009061
PV_31_8.soma.0.12962962962962962: 0.004449
PV_31_9.soma.0.537037037037037: 0.007519
