Time: 20.000000000000306; Period: Before stimulation
PT_7_20.Adend1.0.9035087719298246: 14.357246
PT_7_20.Adend2.0.17719298245614035: 14.303801
PT_7_20.Adend3.0.1736842105263158: 7.668677
PT_7_20.Bdend.0.9771929824561404: 14.687498
PT_7_21.Adend1.0.30350877192982456: 0.001831
PT_7_21.Adend2.0.2789473684210526: 0.001992
PT_7_21.Adend3.0.3175438596491228: 0.001600
PT_7_21.Bdend.0.5175438596491229: 0.001982
PT_7_22.Adend1.0.35964912280701755: 0.000703
PT_7_22.Adend2.0.12456140350877193: 0.000554
PT_7_22.Adend3.0.02631578947368421: 0.000957
PT_7_22.Bdend.0.6578947368421053: 0.000570
PT_7_23.Adend1.0.5210526315789473: 14.456149
PT_7_23.Adend2.0.49298245614035086: 15.000000
PT_7_23.Adend3.0.07192982456140351: 0.003526
PT_7_23.Bdend.0.1736842105263158: 0.002679
PT_7_24.Adend1.0.8649122807017544: 0.000853
PT_7_24.Adend2.0.09298245614035089: 0.000917
PT_7_24.Adend3.0.5280701754385965: 0.030421
PT_7_24.Bdend.0.4017543859649123: 0.000930
PT_7_25.Adend1.0.7210526315789474: 0.007163
PT_7_25.Adend2.0.21228070175438596: 0.039987
PT_7_25.Adend3.0.9070175438596492: 0.004428
PT_7_25.Bdend.0.7070175438596491: 0.003648
PT_7_26.Adend1.0.8543859649122807: 3.948885
PT_7_26.Adend2.0.22982456140350876: 9.667670
PT_7_26.Adend3.0.9245614035087719: 14.818017
PT_7_26.Bdend.0.10701754385964912: 10.694064
PT_7_27.Adend1.0.8894736842105263: 0.002106
PT_7_27.Adend2.0.2789473684210526: 0.001997
PT_7_27.Adend3.0.07543859649122807: 0.001782
PT_7_27.Bdend.0.5631578947368421: 0.002810
PT_7_28.Adend1.0.7140350877192982: 2.202961
PT_7_28.Adend2.0.8719298245614036: 15.000000
PT_7_28.Adend3.0.1631578947368421: 14.805181
PT_7_28.Bdend.0.6859649122807018: 11.553781
PT_7_29.Adend1.0.2649122807017544: 0.001828
PT_7_29.Adend2.0.2017543859649123: 0.001492
PT_7_29.Adend3.0.22982456140350876: 0.004100
PT_7_29.Bdend.0.17017543859649123: 0.001602
PT_7_30.soma.0.21875: 0.001052
PT_7_31.soma.0.3229166666666667: 0.001056
PT_7_32.soma.0.6145833333333333: 0.001106
PT_7_33.soma.0.30208333333333337: 0.001054
PT_7_34.soma.0.90625: 0.001138
PT_7_35.soma.0.6979166666666666: 0.001111
PT_7_36.soma.0.42708333333333337: 0.001063
PT_7_37.soma.0.65625: 0.001110
PT_7_38.soma.0.19791666666666666: 0.001050
PT_7_39.soma.0.78125: 0.001123
SOM_27_0.soma.0.9642857142857142: 8.783005
SOM_27_1.soma.0.39285714285714285: 0.024311
SOM_27_10.soma.0.011904761904761904: 0.047921
SOM_27_11.soma.0.05952380952380952: 0.037426
SOM_27_12.soma.0.4166666666666667: 0.024637
SOM_27_13.soma.0.44047619047619047: 0.024996
SOM_27_14.soma.0.17857142857142855: 0.029654
SOM_27_15.soma.0.5357142857142857: 0.027352
SOM_27_16.soma.0.8214285714285714: 0.357865
SOM_27_17.soma.0.6547619047619048: 0.041748
SOM_27_18.soma.0.20238095238095238: 0.028313
SOM_27_19.soma.0.5119047619047619: 0.026446
SOM_27_2.soma.0.869047619047619: 1.132261
SOM_27_20.soma.0.6071428571428571: 0.031721
SOM_27_21.soma.0.32142857142857145: 0.022765
SOM_27_22.soma.0.4642857142857143: 0.025106
SOM_27_23.soma.0.8928571428571428: 2.103699
SOM_27_24.soma.0.7023809523809523: 0.054839
SOM_27_25.soma.0.7738095238095237: 0.120574
SOM_27_26.soma.0.15476190476190477: 0.031022
SOM_27_28.soma.0.10714285714285714: 0.034099
SOM_27_3.soma.0.9404761904761905: 6.773280
SOM_27_30.soma.0.25: 0.026179
SOM_27_31.soma.0.75: 0.093982
SOM_27_32.soma.0.27380952380952384: 0.024932
SOM_27_33.soma.0.5595238095238095: 0.028956
SOM_27_34.soma.0.7261904761904762: 0.066681
SOM_27_35.soma.0.08333333333333333: 0.035923
SOM_27_36.soma.0.4880952380952381: 0.025342
SOM_27_37.soma.0.22619047619047616: 0.027140
SOM_27_38.soma.0.8452380952380952: 0.562341
SOM_27_4.soma.0.2976190476190476: 0.023973
SOM_27_5.soma.0.13095238095238093: 0.032591
SOM_27_6.soma.0.5833333333333333: 0.030469
SOM_27_7.soma.0.988095238095238: 9.176494
SOM_27_8.soma.0.6785714285714285: 0.047840
SOM_27_9.soma.0.9166666666666666: 3.838800
