Time: 20.000000000000306; Period: Before stimulation
PT_18_20.Adend1.0.7701754385964912: 13.731249
PT_18_20.Adend2.0.06842105263157895: 15.000000
PT_18_20.Adend3.0.8228070175438597: 10.168484
PT_18_20.Bdend.0.3140350877192983: 14.503030
PT_18_21.Adend1.0.956140350877193: 0.001458
PT_18_21.Adend2.0.20877192982456141: 0.002046
PT_18_21.Adend3.0.0543859649122807: 0.001495
PT_18_21.Bdend.0.6157894736842106: 0.001514
PT_18_22.Adend1.0.868421052631579: 0.000651
PT_18_22.Adend2.0.42280701754385963: 0.000580
PT_18_22.Adend3.0.22280701754385965: 0.000551
PT_18_22.Bdend.0.6614035087719299: 0.000683
PT_18_23.Adend1.0.9: 14.891089
PT_18_23.Adend2.0.3491228070175439: 9.970774
PT_18_23.Adend3.0.28596491228070176: 14.273075
PT_18_23.Bdend.0.08596491228070176: 14.790047
PT_18_24.Adend1.0.8263157894736842: 0.002455
PT_18_24.Adend2.0.6789473684210526: 0.003062
PT_18_24.Adend3.0.49298245614035086: 0.000845
PT_18_24.Bdend.0.25087719298245614: 0.001832
PT_18_25.Adend1.0.005263157894736842: 0.003059
PT_18_25.Adend2.0.8192982456140351: 0.003341
PT_18_25.Adend3.0.5140350877192983: 0.004115
PT_18_25.Bdend.0.9842105263157894: 0.215891
PT_18_26.Adend1.0.09298245614035089: 0.017776
PT_18_26.Adend2.0.015789473684210527: 15.000000
PT_18_26.Adend3.0.843859649122807: 9.443634
PT_18_26.Bdend.0.24385964912280703: 0.065985
PT_18_27.Adend1.0.09298245614035089: 0.017827
PT_18_27.Adend2.0.5491228070175439: 0.002533
PT_18_27.Adend3.0.39824561403508774: 0.001675
PT_18_27.Bdend.0.1736842105263158: 0.018702
PT_18_28.Adend1.0.8157894736842105: 12.021626
PT_18_28.Adend2.0.44035087719298244: 14.505437
PT_18_28.Adend3.0.8087719298245614: 15.000000
PT_18_28.Bdend.0.17719298245614035: 0.103599
PT_18_29.Adend1.0.21578947368421053: 0.001347
PT_18_29.Adend2.0.12105263157894737: 0.001206
PT_18_29.Adend3.0.1280701754385965: 0.002203
PT_18_29.Bdend.0.9210526315789473: 0.001721
PT_18_30.soma.0.6354166666666666: 0.001883
PT_18_31.soma.0.5729166666666666: 0.001884
PT_18_32.soma.0.46875: 0.001922
PT_18_33.soma.0.7604166666666666: 0.001873
PT_18_34.soma.0.2604166666666667: 0.001908
PT_18_35.soma.0.010416666666666666: 0.001903
PT_18_36.soma.0.5520833333333333: 0.001884
PT_18_37.soma.0.78125: 0.001873
PT_18_38.soma.0.9479166666666666: 0.001864
PT_18_39.soma.0.09375: 0.001908
PV_38_0.soma.0.38888888888888884: 0.025664
PV_38_1.soma.0.2037037037037037: 0.016126
PV_38_10.soma.0.35185185185185186: 0.024892
PV_38_11.soma.0.9074074074074073: 0.031091
PV_38_12.soma.0.8333333333333333: 0.030575
PV_38_13.soma.0.611111111111111: 0.025522
PV_38_14.soma.0.5740740740740741: 0.025657
PV_38_15.soma.0.6851851851851851: 0.026332
PV_38_16.soma.0.2777777777777778: 0.019771
PV_38_17.soma.0.6481481481481481: 0.026663
PV_38_18.soma.0.7962962962962963: 0.029532
PV_38_19.soma.0.42592592592592593: 0.025757
PV_38_2.soma.0.7592592592592592: 0.028685
PV_38_20.soma.0.31481481481481477: 0.022161
PV_38_21.soma.0.2037037037037037: 0.015981
PV_38_22.soma.0.4629629629629629: 0.025650
PV_38_23.soma.0.05555555555555555: 0.016397
PV_38_24.soma.0.9814814814814814: 0.031190
PV_38_25.soma.0.537037037037037: 0.025426
PV_38_26.soma.0.9814814814814814: 0.030812
PV_38_27.soma.0.611111111111111: 0.025437
PV_38_28.soma.0.35185185185185186: 0.025010
PV_38_3.soma.0.2777777777777778: 0.019886
PV_38_30.soma.0.24074074074074073: 0.017852
PV_38_31.soma.0.16666666666666666: 0.016163
PV_38_32.soma.0.5: 0.025714
PV_38_33.soma.0.7222222222222222: 0.027456
PV_38_34.soma.0.09259259259259259: 0.016432
PV_38_35.soma.0.8703703703703703: 0.030710
PV_38_36.soma.0.611111111111111: 0.025465
PV_38_37.soma.0.5740740740740741: 0.025589
PV_38_4.soma.0.9444444444444444: 0.030941
PV_38_5.soma.0.9074074074074073: 0.031092
PV_38_6.soma.0.6481481481481481: 0.026556
PV_38_7.soma.0.018518518518518517: 0.016247
PV_38_8.soma.0.8333333333333333: 0.030534
PV_38_9.soma.0.12962962962962962: 0.016365
