Time: 20.000000000000306; Period: Before stimulation
PT_4_20.Adend1.0.3631578947368421: 0.000961
PT_4_20.Adend2.0.02982456140350877: 0.000765
PT_4_20.Adend3.0.7385964912280701: 0.000968
PT_4_20.Bdend.0.6754385964912281: 0.001198
PT_4_21.Adend1.0.07543859649122807: 0.113104
PT_4_21.Adend2.0.7105263157894737: 0.439386
PT_4_21.Adend3.0.0017543859649122807: 0.000687
PT_4_21.Bdend.0.8017543859649123: 0.001324
PT_4_22.Adend1.0.7912280701754386: 0.043102
PT_4_22.Adend2.0.9385964912280702: 0.003096
PT_4_22.Adend3.0.6578947368421053: 0.002396
PT_4_22.Bdend.0.4192982456140351: 0.007316
PT_4_23.Adend1.0.30350877192982456: 0.003888
PT_4_23.Adend2.0.17719298245614035: 0.004891
PT_4_23.Adend3.0.9175438596491228: 0.007243
PT_4_23.Bdend.0.5210526315789473: 0.001874
PT_4_24.Adend1.0.9315789473684211: 0.001130
PT_4_24.Adend2.0.21578947368421053: 0.000696
PT_4_24.Adend3.0.1280701754385965: 0.003892
PT_4_24.Bdend.0.8017543859649123: 0.001326
PT_4_25.Adend1.0.5912280701754385: 0.005707
PT_4_25.Adend2.0.03333333333333333: 0.000689
PT_4_25.Adend3.0.019298245614035085: 0.000786
PT_4_25.Bdend.0.443859649122807: 0.002236
PT_4_26.Adend1.0.30350877192982456: 0.003890
PT_4_26.Adend2.0.8052631578947369: 0.000656
PT_4_26.Adend3.0.1: 0.000748
PT_4_26.Bdend.0.0017543859649122807: 0.000814
PT_4_27.Adend1.0.043859649122807015: 0.002054
PT_4_27.Adend2.0.2543859649122807: 0.002245
PT_4_27.Adend3.0.5456140350877193: 0.001771
PT_4_27.Bdend.0.9070175438596492: 0.832051
PT_4_28.Adend1.0.21228070175438596: 0.013679
PT_4_28.Adend2.0.9140350877192982: 10.486488
PT_4_28.Adend3.0.9280701754385965: 1.185087
PT_4_28.Bdend.0.8403508771929825: 14.299865
PT_4_29.Adend1.0.20877192982456141: 0.001946
PT_4_29.Adend2.0.3631578947368421: 0.001187
PT_4_29.Adend3.0.0017543859649122807: 0.000688
PT_4_29.Bdend.0.2929824561403509: 0.001671
PT_4_30.soma.0.48958333333333337: 0.001023
PT_4_31.soma.0.4479166666666667: 0.001021
PT_4_32.soma.0.3854166666666667: 0.001020
PT_4_33.soma.0.3229166666666667: 0.001022
PT_4_34.soma.0.90625: 0.001105
PT_4_35.soma.0.5520833333333333: 0.001028
PT_4_36.soma.0.8645833333333333: 0.001100
PT_4_37.soma.0.6354166666666666: 0.001049
PT_4_38.soma.0.010416666666666666: 0.001023
PT_4_39.soma.0.9270833333333333: 0.001116
SOM_24_0.soma.0.39285714285714285: 0.023091
SOM_24_1.soma.0.9404761904761905: 0.022566
SOM_24_10.soma.0.44047619047619047: 0.023138
SOM_24_11.soma.0.6547619047619048: 0.024499
SOM_24_12.soma.0.36904761904761907: 0.023217
SOM_24_13.soma.0.7261904761904762: 0.024740
SOM_24_14.soma.0.03571428571428571: 0.022316
SOM_24_15.soma.0.22619047619047616: 0.022272
SOM_24_16.soma.0.9642857142857142: 0.022804
SOM_24_17.soma.0.6071428571428571: 0.023933
SOM_24_18.soma.0.988095238095238: 0.022921
SOM_24_19.soma.0.32142857142857145: 0.022882
SOM_24_2.soma.0.7976190476190476: 0.024083
SOM_24_20.soma.0.869047619047619: 0.022554
SOM_24_21.soma.0.8214285714285714: 0.023786
SOM_24_22.soma.0.6785714285714285: 0.024596
SOM_24_23.soma.0.15476190476190477: 0.022183
SOM_24_25.soma.0.20238095238095238: 0.022301
SOM_24_26.soma.0.4880952380952381: 0.023050
SOM_24_27.soma.0.10714285714285714: 0.022310
SOM_24_28.soma.0.08333333333333333: 0.022230
SOM_24_3.soma.0.25: 0.022440
SOM_24_30.soma.0.7738095238095237: 0.024233
SOM_24_31.soma.0.17857142857142855: 0.022000
SOM_24_32.soma.0.4642857142857143: 0.023120
SOM_24_33.soma.0.4166666666666667: 0.023283
SOM_24_34.soma.0.05952380952380952: 0.022377
SOM_24_35.soma.0.5357142857142857: 0.023151
SOM_24_36.soma.0.9166666666666666: 0.022398
SOM_24_37.soma.0.6309523809523809: 0.024283
SOM_24_38.soma.0.5119047619047619: 0.023138
SOM_24_4.soma.0.8452380952380952: 0.022968
SOM_24_5.soma.0.8928571428571428: 0.022085
SOM_24_6.soma.0.5595238095238095: 0.023460
SOM_24_7.soma.0.7023809523809523: 0.024530
SOM_24_8.soma.0.75: 0.024472
SOM_24_9.soma.0.5833333333333333: 0.023613
