Time: 20.000000000000306; Period: Before stimulation
PT_15_20.Adend1.0.30350877192982456: 0.001977
PT_15_20.Adend2.0.5070175438596491: 0.001573
PT_15_20.Adend3.0.6754385964912281: 0.001289
PT_15_20.Bdend.0.3491228070175439: 0.001087
PT_15_21.Adend1.0.39824561403508774: 0.274698
PT_15_21.Adend2.0.8473684210526315: 0.340300
PT_15_21.Adend3.0.49298245614035086: 0.259229
PT_15_21.Bdend.0.9315789473684211: 0.465441
PT_15_22.Adend1.0.7175438596491228: 0.003980
PT_15_22.Adend2.0.7982456140350878: 15.000000
PT_15_22.Adend3.0.9140350877192982: 0.011252
PT_15_22.Bdend.0.643859649122807: 0.005897
PT_15_23.Adend1.0.9: 0.003180
PT_15_23.Adend2.0.15263157894736842: 0.001641
PT_15_23.Adend3.0.6473684210526316: 0.002996
PT_15_23.Bdend.0.06842105263157895: 0.002997
PT_15_24.Adend1.0.48596491228070177: 0.000744
PT_15_24.Adend2.0.8964912280701754: 0.001335
PT_15_24.Adend3.0.6052631578947368: 0.000727
PT_15_24.Bdend.0.8298245614035088: 0.001309
PT_15_25.Adend1.0.2614035087719298: 0.000765
PT_15_25.Adend2.0.2894736842105263: 0.000781
PT_15_25.Adend3.0.5947368421052631: 0.001182
PT_15_25.Bdend.0.07894736842105264: 0.000981
PT_15_26.Adend1.0.156140350877193: 0.000895
PT_15_26.Adend2.0.6789473684210526: 0.000700
PT_15_26.Adend3.0.3315789473684211: 0.000813
PT_15_26.Bdend.0.24385964912280703: 0.000805
PT_15_27.Adend1.0.1280701754385965: 0.001930
PT_15_27.Adend2.0.8087719298245614: 0.018874
PT_15_27.Adend3.0.3666666666666667: 0.002433
PT_15_27.Bdend.0.7140350877192982: 0.003362
PT_15_28.Adend1.0.5947368421052631: 0.275118
PT_15_28.Adend2.0.531578947368421: 13.947325
PT_15_28.Adend3.0.17017543859649123: 13.244695
PT_15_28.Bdend.0.3701754385964912: 4.148235
PT_15_29.Adend1.0.6017543859649123: 0.001297
PT_15_29.Adend2.0.4614035087719298: 0.001702
PT_15_29.Adend3.0.756140350877193: 0.001854
PT_15_29.Bdend.0.2578947368421053: 0.001359
PT_15_30.soma.0.5520833333333333: 0.004496
PT_15_31.soma.0.2604166666666667: 0.004169
PT_15_32.soma.0.36458333333333337: 0.004256
PT_15_33.soma.0.09375: 0.004124
PT_15_34.soma.0.34375: 0.004208
PT_15_35.soma.0.11458333333333334: 0.004121
PT_15_36.soma.0.84375: 0.004849
PT_15_37.soma.0.4479166666666667: 0.004387
PT_15_38.soma.0.9479166666666666: 0.004998
PT_15_39.soma.0.5104166666666666: 0.004484
PV_35_0.soma.0.018518518518518517: 0.007383
PV_35_1.soma.0.5740740740740741: 0.007646
PV_35_10.soma.0.6481481481481481: 0.007791
PV_35_11.soma.0.31481481481481477: 0.007409
PV_35_12.soma.0.6851851851851851: 0.007823
PV_35_13.soma.0.35185185185185186: 0.007489
PV_35_14.soma.0.8703703703703703: 0.007773
PV_35_15.soma.0.8703703703703703: 0.007770
PV_35_16.soma.0.12962962962962962: 0.007384
PV_35_17.soma.0.35185185185185186: 0.007447
PV_35_18.soma.0.2037037037037037: 0.007420
PV_35_19.soma.0.4629629629629629: 0.007355
PV_35_2.soma.0.24074074074074073: 0.007374
PV_35_20.soma.0.9444444444444444: 0.007719
PV_35_21.soma.0.16666666666666666: 0.007443
PV_35_22.soma.0.611111111111111: 0.007749
PV_35_23.soma.0.7592592592592592: 0.007767
PV_35_24.soma.0.2777777777777778: 0.007360
PV_35_25.soma.0.5: 0.007451
PV_35_26.soma.0.4629629629629629: 0.007361
PV_35_27.soma.0.537037037037037: 0.007539
PV_35_28.soma.0.4629629629629629: 0.007345
PV_35_3.soma.0.24074074074074073: 0.007357
PV_35_30.soma.0.42592592592592593: 0.007360
PV_35_31.soma.0.9444444444444444: 0.007738
PV_35_32.soma.0.7962962962962963: 0.007815
PV_35_33.soma.0.38888888888888884: 0.007448
PV_35_34.soma.0.8333333333333333: 0.007716
PV_35_36.soma.0.09259259259259259: 0.007393
PV_35_37.soma.0.05555555555555555: 0.007419
PV_35_38.soma.0.5: 0.007435
PV_35_4.soma.0.7222222222222222: 0.007754
PV_35_5.soma.0.12962962962962962: 0.007371
PV_35_6.soma.0.018518518518518517: 0.007396
PV_35_7.soma.0.9074074074074073: 0.007718
PV_35_8.soma.0.16666666666666666: 0.007404
PV_35_9.soma.0.8333333333333333: 0.007734
