Time: 20.000000000000306; Period: Before stimulation
PT_12_20.Adend1.0.4649122807017544: 0.002837
PT_12_20.Adend2.0.37719298245614036: 0.002049
PT_12_20.Adend3.0.41228070175438597: 0.001735
PT_12_20.Bdend.0.0649122807017544: 0.001069
PT_12_21.Adend1.0.9140350877192982: 0.281891
PT_12_21.Adend2.0.3491228070175439: 0.244114
PT_12_21.Adend3.0.4263157894736842: 0.182523
PT_12_21.Bdend.0.5526315789473685: 0.423849
PT_12_22.Adend1.0.8263157894736842: 0.011397
PT_12_22.Adend2.0.09649122807017545: 0.002971
PT_12_22.Adend3.0.7947368421052632: 3.547340
PT_12_22.Bdend.0.005263157894736842: 0.004985
PT_12_23.Adend1.0.3912280701754386: 0.003154
PT_12_23.Adend2.0.5035087719298246: 0.001359
PT_12_23.Adend3.0.22280701754385965: 0.002266
PT_12_23.Bdend.0.08947368421052632: 0.001584
PT_12_24.Adend1.0.7035087719298245: 0.002726
PT_12_24.Adend2.0.5877192982456141: 0.000646
PT_12_24.Adend3.0.7315789473684211: 0.000613
PT_12_24.Bdend.0.4649122807017544: 0.000876
PT_12_25.Adend1.0.9736842105263158: 0.000888
PT_12_25.Adend2.0.7807017543859649: 0.000889
PT_12_25.Adend3.0.47192982456140353: 0.000910
PT_12_25.Bdend.0.3315789473684211: 0.001256
PT_12_26.Adend1.0.32456140350877194: 0.000872
PT_12_26.Adend2.0.612280701754386: 0.000789
PT_12_26.Adend3.0.012280701754385965: 0.000673
PT_12_26.Bdend.0.9912280701754386: 0.000835
PT_12_27.Adend1.0.1105263157894737: 0.002595
PT_12_27.Adend2.0.008771929824561403: 0.003355
PT_12_27.Adend3.0.21578947368421053: 0.002055
PT_12_27.Bdend.0.6929824561403509: 0.002534
PT_12_28.Adend1.0.9175438596491228: 1.024762
PT_12_28.Adend2.0.43333333333333335: 12.245833
PT_12_28.Adend3.0.6649122807017543: 7.180532
PT_12_28.Bdend.0.2578947368421053: 13.829986
PT_12_29.Adend1.0.6473684210526316: 0.002169
PT_12_29.Adend2.0.5350877192982456: 0.001372
PT_12_29.Adend3.0.05789473684210526: 0.000854
PT_12_29.Bdend.0.9210526315789473: 0.000871
PT_12_30.soma.0.8645833333333333: 0.003881
PT_12_31.soma.0.11458333333333334: 0.003571
PT_12_32.soma.0.5729166666666666: 0.004025
PT_12_33.soma.0.23958333333333331: 0.003709
PT_12_34.soma.0.8020833333333333: 0.003854
PT_12_35.soma.0.6770833333333333: 0.003931
PT_12_36.soma.0.46875: 0.004019
PT_12_37.soma.0.9270833333333333: 0.003937
PT_12_38.soma.0.65625: 0.003970
PT_12_39.soma.0.3854166666666667: 0.003877
PV_32_0.soma.0.38888888888888884: 0.013480
PV_32_1.soma.0.6851851851851851: 0.010114
PV_32_10.soma.0.2777777777777778: 0.015203
PV_32_11.soma.0.7592592592592592: 0.009756
PV_32_12.soma.0.537037037037037: 0.011081
PV_32_13.soma.0.9444444444444444: 0.009173
PV_32_14.soma.0.7222222222222222: 0.009954
PV_32_15.soma.0.611111111111111: 0.010505
PV_32_16.soma.0.5740740740740741: 0.010660
PV_32_17.soma.0.42592592592592593: 0.012974
PV_32_18.soma.0.24074074074074073: 0.015530
PV_32_19.soma.0.4629629629629629: 0.012359
PV_32_2.soma.0.31481481481481477: 0.014724
PV_32_20.soma.0.537037037037037: 0.011084
PV_32_21.soma.0.018518518518518517: 0.015836
PV_32_22.soma.0.24074074074074073: 0.015493
PV_32_23.soma.0.42592592592592593: 0.012980
PV_32_24.soma.0.8703703703703703: 0.009245
PV_32_25.soma.0.7962962962962963: 0.009478
PV_32_26.soma.0.38888888888888884: 0.013515
PV_32_27.soma.0.16666666666666666: 0.015675
PV_32_28.soma.0.5: 0.011648
PV_32_3.soma.0.09259259259259259: 0.015714
PV_32_30.soma.0.6481481481481481: 0.010270
PV_32_31.soma.0.9074074074074073: 0.009149
PV_32_33.soma.0.9444444444444444: 0.009194
PV_32_34.soma.0.9074074074074073: 0.009150
PV_32_35.soma.0.6851851851851851: 0.010081
PV_32_36.soma.0.38888888888888884: 0.013531
PV_32_37.soma.0.05555555555555555: 0.015791
PV_32_38.soma.0.8333333333333333: 0.009321
PV_32_4.soma.0.35185185185185186: 0.014066
PV_32_5.soma.0.5740740740740741: 0.010642
PV_32_6.soma.0.2037037037037037: 0.015551
PV_32_7.soma.0.2777777777777778: 0.015119
PV_32_8.soma.0.12962962962962962: 0.015756
PV_32_9.soma.0.31481481481481477: 0.014638
