Time: 20.000000000000306; Period: Before stimulation
PT_8_20.Adend1.0.9596491228070175: 0.001989
PT_8_20.Adend2.0.7807017543859649: 0.001429
PT_8_20.Adend3.0.5701754385964912: 0.001407
PT_8_20.Bdend.0.06842105263157895: 0.001673
PT_8_21.Adend1.0.2017543859649123: 0.344619
PT_8_21.Adend2.0.03333333333333333: 0.270319
PT_8_21.Adend3.0.8157894736842105: 0.189360
PT_8_21.Bdend.0.1: 0.262784
PT_8_22.Adend1.0.5736842105263158: 0.008852
PT_8_22.Adend2.0.5070175438596491: 0.004552
PT_8_22.Adend3.0.980701754385965: 0.002607
PT_8_22.Bdend.0.9105263157894737: 15.000000
PT_8_23.Adend1.0.022807017543859647: 0.004213
PT_8_23.Adend2.0.7385964912280701: 0.002762
PT_8_23.Adend3.0.643859649122807: 0.001672
PT_8_23.Bdend.0.7035087719298245: 0.001803
PT_8_24.Adend1.0.06842105263157895: 0.002276
PT_8_24.Adend2.0.38070175438596493: 0.001199
PT_8_24.Adend3.0.156140350877193: 0.000723
PT_8_24.Bdend.0.5596491228070175: 0.002076
PT_8_25.Adend1.0.10350877192982456: 0.001695
PT_8_25.Adend2.0.24736842105263157: 0.001169
PT_8_25.Adend3.0.7210526315789474: 0.001950
PT_8_25.Bdend.0.21228070175438596: 0.001062
PT_8_26.Adend1.0.08947368421052632: 0.000729
PT_8_26.Adend2.0.8333333333333334: 0.000830
PT_8_26.Adend3.0.4052631578947368: 0.000903
PT_8_26.Bdend.0.6649122807017543: 0.001064
PT_8_27.Adend1.0.13157894736842105: 0.007113
PT_8_27.Adend2.0.3: 0.001989
PT_8_27.Adend3.0.5771929824561404: 0.001679
PT_8_27.Bdend.0.6403508771929824: 0.008465
PT_8_28.Adend1.0.03684210526315789: 7.935264
PT_8_28.Adend2.0.4964912280701754: 12.346102
PT_8_28.Adend3.0.24035087719298245: 13.607458
PT_8_28.Bdend.0.12456140350877193: 11.285131
PT_8_29.Adend1.0.4263157894736842: 0.000772
PT_8_29.Adend2.0.9842105263157894: 0.001185
PT_8_29.Adend3.0.7807017543859649: 0.001799
PT_8_29.Bdend.0.7105263157894737: 0.006090
PT_8_30.soma.0.8229166666666666: 0.003765
PT_8_31.soma.0.17708333333333331: 0.003119
PT_8_32.soma.0.13541666666666666: 0.003066
PT_8_33.soma.0.15625: 0.003090
PT_8_34.soma.0.03125: 0.002951
PT_8_35.soma.0.8020833333333333: 0.003752
PT_8_36.soma.0.46875: 0.003662
PT_8_37.soma.0.05208333333333333: 0.002985
PT_8_38.soma.0.010416666666666666: 0.002966
PT_8_39.soma.0.71875: 0.003756
SOM_28_0.soma.0.05952380952380952: 0.002302
SOM_28_1.soma.0.9642857142857142: 0.016366
SOM_28_10.soma.0.39285714285714285: 0.004350
SOM_28_11.soma.0.32142857142857145: 0.003551
SOM_28_12.soma.0.34523809523809523: 0.003843
SOM_28_13.soma.0.7976190476190476: 0.016356
SOM_28_14.soma.0.6547619047619048: 0.012968
SOM_28_15.soma.0.5119047619047619: 0.006262
SOM_28_16.soma.0.22619047619047616: 0.002834
SOM_28_17.soma.0.4642857142857143: 0.005277
SOM_28_18.soma.0.8928571428571428: 0.016856
SOM_28_19.soma.0.25: 0.002971
SOM_28_2.soma.0.44047619047619047: 0.004908
SOM_28_20.soma.0.5357142857142857: 0.006560
SOM_28_21.soma.0.9166666666666666: 0.016800
SOM_28_22.soma.0.011904761904761904: 0.002271
SOM_28_23.soma.0.988095238095238: 0.016481
SOM_28_24.soma.0.10714285714285714: 0.002375
SOM_28_25.soma.0.08333333333333333: 0.002326
SOM_28_26.soma.0.03571428571428571: 0.002272
SOM_28_27.soma.0.13095238095238093: 0.002436
SOM_28_3.soma.0.4166666666666667: 0.004564
SOM_28_30.soma.0.6071428571428571: 0.010571
SOM_28_31.soma.0.7738095238095237: 0.015891
SOM_28_32.soma.0.20238095238095238: 0.002669
SOM_28_33.soma.0.5833333333333333: 0.009086
SOM_28_34.soma.0.15476190476190477: 0.002508
SOM_28_35.soma.0.27380952380952384: 0.003150
SOM_28_36.soma.0.2976190476190476: 0.003313
SOM_28_37.soma.0.5595238095238095: 0.007291
SOM_28_38.soma.0.7023809523809523: 0.014610
SOM_28_4.soma.0.8452380952380952: 0.016808
SOM_28_5.soma.0.6309523809523809: 0.011813
SOM_28_6.soma.0.7261904761904762: 0.014949
SOM_28_7.soma.0.17857142857142855: 0.002585
SOM_28_8.soma.0.4880952380952381: 0.005663
SOM_28_9.soma.0.8214285714285714: 0.016789
