Time: 20.000000000000306; Period: Before stimulation
PT_16_20.Adend1.0.5736842105263158: 0.001099
PT_16_20.Adend2.0.3280701754385965: 0.001726
PT_16_20.Adend3.0.3: 0.000968
PT_16_20.Bdend.0.7526315789473684: 0.001750
PT_16_21.Adend1.0.8894736842105263: 0.046078
PT_16_21.Adend2.0.3350877192982456: 0.203846
PT_16_21.Adend3.0.34210526315789475: 0.174093
PT_16_21.Bdend.0.8017543859649123: 0.030844
PT_16_22.Adend1.0.1631578947368421: 0.003067
PT_16_22.Adend2.0.7070175438596491: 15.000000
PT_16_22.Adend3.0.2649122807017544: 0.002684
PT_16_22.Bdend.0.10701754385964912: 0.011554
PT_16_23.Adend1.0.17719298245614035: 0.001627
PT_16_23.Adend2.0.42280701754385963: 0.003589
PT_16_23.Adend3.0.2543859649122807: 0.003566
PT_16_23.Bdend.0.14210526315789473: 0.001340
PT_16_24.Adend1.0.2543859649122807: 0.000765
PT_16_24.Adend2.0.5771929824561404: 0.000819
PT_16_24.Adend3.0.03333333333333333: 0.000722
PT_16_24.Bdend.0.1736842105263158: 0.000707
PT_16_25.Adend1.0.7280701754385965: 0.000781
PT_16_25.Adend2.0.17017543859649123: 0.001767
PT_16_25.Adend3.0.9070175438596492: 0.001198
PT_16_25.Bdend.0.1385964912280702: 0.000796
PT_16_26.Adend1.0.18771929824561404: 0.000741
PT_16_26.Adend2.0.9210526315789473: 0.000705
PT_16_26.Adend3.0.45789473684210524: 0.000849
PT_16_26.Bdend.0.2754385964912281: 0.000965
PT_16_27.Adend1.0.15263157894736842: 0.004584
PT_16_27.Adend2.0.8929824561403509: 0.008406
PT_16_27.Adend3.0.37719298245614036: 0.007043
PT_16_27.Bdend.0.8052631578947369: 0.026598
PT_16_28.Adend1.0.32105263157894737: 13.246628
PT_16_28.Adend2.0.4192982456140351: 0.022341
PT_16_28.Adend3.0.49298245614035086: 14.216152
PT_16_28.Bdend.0.6789473684210526: 11.719541
PT_16_29.Adend1.0.8508771929824561: 0.002789
PT_16_29.Adend2.0.3526315789473684: 0.000822
PT_16_29.Adend3.0.9: 0.000773
PT_16_29.Bdend.0.8403508771929825: 0.002612
PT_16_30.soma.0.46875: 0.005840
PT_16_31.soma.0.17708333333333331: 0.005079
PT_16_32.soma.0.21875: 0.005153
PT_16_33.soma.0.8854166666666666: 0.006387
PT_16_34.soma.0.3229166666666667: 0.005340
PT_16_35.soma.0.48958333333333337: 0.005905
PT_16_36.soma.0.03125: 0.005081
PT_16_37.soma.0.9479166666666666: 0.006499
PT_16_38.soma.0.84375: 0.006347
PT_16_39.soma.0.71875: 0.006208
PV_36_0.soma.0.38888888888888884: 0.005019
PV_36_1.soma.0.2037037037037037: 0.005090
PV_36_10.soma.0.7222222222222222: 0.004718
PV_36_11.soma.0.018518518518518517: 0.005008
PV_36_12.soma.0.9444444444444444: 0.004731
PV_36_13.soma.0.7222222222222222: 0.004747
PV_36_14.soma.0.5740740740740741: 0.004869
PV_36_15.soma.0.09259259259259259: 0.005044
PV_36_16.soma.0.4629629629629629: 0.004975
PV_36_17.soma.0.537037037037037: 0.004910
PV_36_18.soma.0.35185185185185186: 0.005062
PV_36_19.soma.0.24074074074074073: 0.005131
PV_36_2.soma.0.2777777777777778: 0.005129
PV_36_20.soma.0.8333333333333333: 0.004657
PV_36_21.soma.0.12962962962962962: 0.005058
PV_36_22.soma.0.7962962962962963: 0.004645
PV_36_23.soma.0.611111111111111: 0.004813
PV_36_24.soma.0.38888888888888884: 0.005055
PV_36_25.soma.0.018518518518518517: 0.005003
PV_36_26.soma.0.7962962962962963: 0.004656
PV_36_27.soma.0.2037037037037037: 0.005089
PV_36_28.soma.0.9814814814814814: 0.004720
PV_36_3.soma.0.31481481481481477: 0.005083
PV_36_30.soma.0.6481481481481481: 0.004771
PV_36_31.soma.0.42592592592592593: 0.005021
PV_36_32.soma.0.5: 0.004979
PV_36_33.soma.0.8703703703703703: 0.004697
PV_36_34.soma.0.16666666666666666: 0.005045
PV_36_35.soma.0.05555555555555555: 0.005012
PV_36_37.soma.0.16666666666666666: 0.005085
PV_36_38.soma.0.6481481481481481: 0.004791
PV_36_4.soma.0.2777777777777778: 0.005111
PV_36_5.soma.0.6851851851851851: 0.004746
PV_36_6.soma.0.12962962962962962: 0.005049
PV_36_7.soma.0.5: 0.004931
PV_36_8.soma.0.9074074074074073: 0.004703
PV_36_9.soma.0.7592592592592592: 0.004682
