Time: 20.000000000000306; Period: Before stimulation
PT_18_20.Adend1.0.015789473684210527: 0.001168
PT_18_20.Adend2.0.6684210526315789: 0.001319
PT_18_20.Adend3.0.19473684210526315: 0.000979
PT_18_20.Bdend.0.8929824561403509: 0.001004
PT_18_21.Adend1.0.15964912280701754: 0.159285
PT_18_21.Adend2.0.8122807017543859: 15.000000
PT_18_21.Adend3.0.756140350877193: 0.000882
PT_18_21.Bdend.0.8789473684210526: 0.005420
PT_18_22.Adend1.0.6192982456140351: 0.007282
PT_18_22.Adend2.0.8122807017543859: 15.000000
PT_18_22.Adend3.0.7701754385964912: 0.002730
PT_18_22.Bdend.0.18771929824561404: 0.003218
PT_18_23.Adend1.0.956140350877193: 0.005481
PT_18_23.Adend2.0.8719298245614036: 0.001839
PT_18_23.Adend3.0.843859649122807: 0.003215
PT_18_23.Bdend.0.005263157894736842: 0.099017
PT_18_24.Adend1.0.3175438596491228: 0.000753
PT_18_24.Adend2.0.9526315789473684: 0.001042
PT_18_24.Adend3.0.8789473684210526: 0.000778
PT_18_24.Bdend.0.2754385964912281: 0.002804
PT_18_25.Adend1.0.5877192982456141: 0.000820
PT_18_25.Adend2.0.022807017543859647: 0.001200
PT_18_25.Adend3.0.17719298245614035: 0.000901
PT_18_25.Bdend.0.8824561403508772: 0.001402
PT_18_26.Adend1.0.5807017543859649: 0.000775
PT_18_26.Adend2.0.012280701754385965: 0.000679
PT_18_26.Adend3.0.3456140350877193: 0.001358
PT_18_26.Bdend.0.5: 0.001596
PT_18_27.Adend1.0.14912280701754385: 0.002474
PT_18_27.Adend2.0.22280701754385965: 0.005092
PT_18_27.Adend3.0.42280701754385963: 0.002581
PT_18_27.Bdend.0.8333333333333334: 0.031971
PT_18_28.Adend1.0.4052631578947368: 14.328036
PT_18_28.Adend2.0.9105263157894737: 14.116612
PT_18_28.Adend3.0.14912280701754385: 14.191294
PT_18_28.Bdend.0.3350877192982456: 14.179617
PT_18_29.Adend1.0.987719298245614: 0.000882
PT_18_29.Adend2.0.1105263157894737: 0.000857
PT_18_29.Adend3.0.756140350877193: 0.000883
PT_18_29.Bdend.0.49298245614035086: 0.001260
PT_18_30.soma.0.15625: 0.003772
PT_18_31.soma.0.46875: 0.003971
PT_18_32.soma.0.34375: 0.003872
PT_18_33.soma.0.78125: 0.004052
PT_18_34.soma.0.9479166666666666: 0.004084
PT_18_35.soma.0.71875: 0.004038
PT_18_36.soma.0.42708333333333337: 0.003928
PT_18_37.soma.0.17708333333333331: 0.003777
PT_18_38.soma.0.7604166666666666: 0.004044
PT_18_39.soma.0.21875: 0.003799
PV_38_0.soma.0.12962962962962962: 0.007513
PV_38_1.soma.0.42592592592592593: 0.007955
PV_38_10.soma.0.2777777777777778: 0.007851
PV_38_11.soma.0.31481481481481477: 0.007964
PV_38_12.soma.0.8333333333333333: 0.007297
PV_38_13.soma.0.24074074074074073: 0.007804
PV_38_14.soma.0.4629629629629629: 0.007946
PV_38_15.soma.0.7222222222222222: 0.007422
PV_38_16.soma.0.5740740740740741: 0.007735
PV_38_17.soma.0.05555555555555555: 0.007542
PV_38_18.soma.0.8333333333333333: 0.007295
PV_38_19.soma.0.35185185185185186: 0.008025
PV_38_2.soma.0.7222222222222222: 0.007416
PV_38_20.soma.0.9444444444444444: 0.007066
PV_38_21.soma.0.7592592592592592: 0.007373
PV_38_22.soma.0.2037037037037037: 0.007652
PV_38_23.soma.0.7962962962962963: 0.007292
PV_38_24.soma.0.7222222222222222: 0.007464
PV_38_25.soma.0.6481481481481481: 0.007502
PV_38_26.soma.0.16666666666666666: 0.007487
PV_38_27.soma.0.5: 0.007864
PV_38_28.soma.0.611111111111111: 0.007602
PV_38_3.soma.0.38888888888888884: 0.007974
PV_38_30.soma.0.5740740740740741: 0.007717
PV_38_31.soma.0.05555555555555555: 0.007575
PV_38_32.soma.0.018518518518518517: 0.007586
PV_38_33.soma.0.31481481481481477: 0.007981
PV_38_34.soma.0.7592592592592592: 0.007316
PV_38_35.soma.0.8333333333333333: 0.007289
PV_38_36.soma.0.16666666666666666: 0.007496
PV_38_37.soma.0.9074074074074073: 0.007153
PV_38_4.soma.0.9814814814814814: 0.007041
PV_38_5.soma.0.16666666666666666: 0.007457
PV_38_6.soma.0.5740740740740741: 0.007743
PV_38_7.soma.0.16666666666666666: 0.007451
PV_38_8.soma.0.8703703703703703: 0.007238
PV_38_9.soma.0.537037037037037: 0.007813
