Time: 20.000000000000306; Period: Before stimulation
PT_9_20.Adend1.0.5912280701754385: 0.000971
PT_9_20.Adend2.0.6789473684210526: 0.002135
PT_9_20.Adend3.0.1: 0.002133
PT_9_20.Bdend.0.0543859649122807: 0.001339
PT_9_21.Adend1.0.1280701754385965: 0.138850
PT_9_21.Adend2.0.1456140350877193: 0.245161
PT_9_21.Adend3.0.0824561403508772: 0.188478
PT_9_21.Bdend.0.30701754385964913: 0.350002
PT_9_22.Adend1.0.156140350877193: 0.003230
PT_9_22.Adend2.0.7526315789473684: 15.000000
PT_9_22.Adend3.0.0543859649122807: 0.002301
PT_9_22.Bdend.0.9947368421052631: 0.004112
PT_9_23.Adend1.0.4614035087719298: 0.002185
PT_9_23.Adend2.0.48596491228070177: 0.001537
PT_9_23.Adend3.0.4192982456140351: 0.002455
PT_9_23.Bdend.0.42280701754385963: 0.002306
PT_9_24.Adend1.0.2719298245614035: 0.000879
PT_9_24.Adend2.0.9526315789473684: 0.000709
PT_9_24.Adend3.0.2368421052631579: 0.000658
PT_9_24.Bdend.0.9456140350877194: 0.000760
PT_9_25.Adend1.0.1842105263157895: 0.000762
PT_9_25.Adend2.0.04035087719298246: 0.000876
PT_9_25.Adend3.0.6192982456140351: 0.000924
PT_9_25.Bdend.0.5140350877192983: 0.002056
PT_9_26.Adend1.0.23333333333333334: 0.000740
PT_9_26.Adend2.0.443859649122807: 0.000866
PT_9_26.Adend3.0.531578947368421: 0.000739
PT_9_26.Bdend.0.443859649122807: 0.000817
PT_9_27.Adend1.0.6052631578947368: 0.006211
PT_9_27.Adend2.0.9421052631578948: 0.002200
PT_9_27.Adend3.0.19824561403508772: 0.002745
PT_9_27.Bdend.0.6157894736842106: 0.003471
PT_9_28.Adend1.0.022807017543859647: 11.979560
PT_9_28.Adend2.0.5035087719298246: 12.257314
PT_9_28.Adend3.0.0017543859649122807: 13.544985
PT_9_28.Bdend.0.44035087719298244: 0.001450
PT_9_29.Adend1.0.22631578947368422: 0.001250
PT_9_29.Adend2.0.9526315789473684: 0.000709
PT_9_29.Adend3.0.1912280701754386: 0.000773
PT_9_29.Bdend.0.4192982456140351: 0.000907
PT_9_30.soma.0.8854166666666666: 0.004690
PT_9_31.soma.0.53125: 0.004714
PT_9_32.soma.0.28125: 0.004416
PT_9_33.soma.0.96875: 0.004771
PT_9_34.soma.0.19791666666666666: 0.004356
PT_9_35.soma.0.6979166666666666: 0.004683
PT_9_36.soma.0.4479166666666667: 0.004631
PT_9_37.soma.0.11458333333333334: 0.004356
PT_9_38.soma.0.2604166666666667: 0.004391
PT_9_39.soma.0.5729166666666666: 0.004718
SOM_29_0.soma.0.34523809523809523: 0.019382
SOM_29_1.soma.0.7023809523809523: 0.015044
SOM_29_10.soma.0.17857142857142855: 0.020856
SOM_29_11.soma.0.08333333333333333: 0.021655
SOM_29_12.soma.0.4880952380952381: 0.016919
SOM_29_13.soma.0.9166666666666666: 0.014478
SOM_29_14.soma.0.44047619047619047: 0.017782
SOM_29_15.soma.0.6547619047619048: 0.015210
SOM_29_16.soma.0.10714285714285714: 0.021590
SOM_29_17.soma.0.27380952380952384: 0.019942
SOM_29_18.soma.0.20238095238095238: 0.020666
SOM_29_19.soma.0.36904761904761907: 0.019074
SOM_29_2.soma.0.9642857142857142: 0.014534
SOM_29_20.soma.0.5595238095238095: 0.015610
SOM_29_21.soma.0.869047619047619: 0.014518
SOM_29_22.soma.0.6785714285714285: 0.015157
SOM_29_23.soma.0.9404761904761905: 0.014423
SOM_29_24.soma.0.8928571428571428: 0.014349
SOM_29_25.soma.0.4642857142857143: 0.017389
SOM_29_26.soma.0.6071428571428571: 0.015168
SOM_29_27.soma.0.4166666666666667: 0.018345
SOM_29_28.soma.0.988095238095238: 0.014370
SOM_29_3.soma.0.7976190476190476: 0.014677
SOM_29_30.soma.0.8452380952380952: 0.014550
SOM_29_31.soma.0.22619047619047616: 0.020538
SOM_29_32.soma.0.5833333333333333: 0.015406
SOM_29_33.soma.0.05952380952380952: 0.021554
SOM_29_34.soma.0.5119047619047619: 0.016487
SOM_29_35.soma.0.75: 0.014833
SOM_29_36.soma.0.03571428571428571: 0.021683
SOM_29_37.soma.0.39285714285714285: 0.018724
SOM_29_38.soma.0.13095238095238093: 0.021253
SOM_29_4.soma.0.011904761904761904: 0.021693
SOM_29_5.soma.0.6309523809523809: 0.015031
SOM_29_6.soma.0.7261904761904762: 0.014929
SOM_29_7.soma.0.32142857142857145: 0.019678
SOM_29_8.soma.0.8214285714285714: 0.014691
SOM_29_9.soma.0.25: 0.020238
