Time: 20.000000000000306; Period: Before stimulation
PT_6_20.Adend1.0.6649122807017543: 0.001233
PT_6_20.Adend2.0.42280701754385963: 0.002437
PT_6_20.Adend3.0.7070175438596491: 0.005552
PT_6_20.Bdend.0.49298245614035086: 0.001050
PT_6_21.Adend1.0.10701754385964912: 1.620317
PT_6_21.Adend2.0.2719298245614035: 0.331166
PT_6_21.Adend3.0.7982456140350878: 0.277527
PT_6_21.Bdend.0.28596491228070176: 0.352102
PT_6_22.Adend1.0.5842105263157895: 0.005277
PT_6_22.Adend2.0.356140350877193: 0.135793
PT_6_22.Adend3.0.019298245614035085: 0.004241
PT_6_22.Bdend.0.8368421052631579: 0.004579
PT_6_23.Adend1.0.3175438596491228: 0.002644
PT_6_23.Adend2.0.3491228070175439: 0.012261
PT_6_23.Adend3.0.41578947368421054: 0.001323
PT_6_23.Bdend.0.06842105263157895: 0.003875
PT_6_24.Adend1.0.26842105263157895: 0.003519
PT_6_24.Adend2.0.35964912280701755: 0.005443
PT_6_24.Adend3.0.8192982456140351: 0.000750
PT_6_24.Bdend.0.6508771929824562: 0.000759
PT_6_25.Adend1.0.8859649122807017: 0.001043
PT_6_25.Adend2.0.387719298245614: 0.000983
PT_6_25.Adend3.0.9035087719298246: 0.001203
PT_6_25.Bdend.0.3736842105263158: 0.001027
PT_6_26.Adend1.0.8087719298245614: 0.002261
PT_6_26.Adend2.0.12456140350877193: 0.000901
PT_6_26.Adend3.0.5701754385964912: 0.000902
PT_6_26.Bdend.0.25087719298245614: 0.000950
PT_6_27.Adend1.0.9245614035087719: 0.001883
PT_6_27.Adend2.0.9701754385964912: 0.004590
PT_6_27.Adend3.0.7315789473684211: 0.002074
PT_6_27.Bdend.0.21578947368421053: 0.006008
PT_6_28.Adend1.0.5912280701754385: 1.925812
PT_6_28.Adend2.0.7035087719298245: 13.932743
PT_6_28.Adend3.0.2964912280701754: 13.431487
PT_6_28.Bdend.0.6754385964912281: 5.110113
PT_6_29.Adend1.0.3: 0.000760
PT_6_29.Adend2.0.3736842105263158: 0.000799
PT_6_29.Adend3.0.21228070175438596: 0.000785
PT_6_29.Bdend.0.956140350877193: 0.001012
PT_6_30.soma.0.84375: 0.002379
PT_6_31.soma.0.48958333333333337: 0.002341
PT_6_32.soma.0.30208333333333337: 0.002316
PT_6_33.soma.0.96875: 0.002423
PT_6_34.soma.0.59375: 0.002327
PT_6_35.soma.0.05208333333333333: 0.002295
PT_6_36.soma.0.2604166666666667: 0.002310
PT_6_37.soma.0.11458333333333334: 0.002304
PT_6_38.soma.0.21875: 0.002310
PT_6_39.soma.0.9270833333333333: 0.002399
SOM_26_0.soma.0.5119047619047619: 0.012374
SOM_26_1.soma.0.05952380952380952: 0.010108
SOM_26_10.soma.0.869047619047619: 0.013061
SOM_26_11.soma.0.44047619047619047: 0.011989
SOM_26_12.soma.0.32142857142857145: 0.011084
SOM_26_13.soma.0.8452380952380952: 0.013117
SOM_26_14.soma.0.03571428571428571: 0.010107
SOM_26_15.soma.0.7738095238095237: 0.013040
SOM_26_16.soma.0.8928571428571428: 0.013079
SOM_26_17.soma.0.36904761904761907: 0.011465
SOM_26_18.soma.0.6309523809523809: 0.012898
SOM_26_19.soma.0.39285714285714285: 0.011644
SOM_26_2.soma.0.9404761904761905: 0.013072
SOM_26_20.soma.0.5595238095238095: 0.012534
SOM_26_21.soma.0.34523809523809523: 0.011294
SOM_26_22.soma.0.6785714285714285: 0.013061
SOM_26_23.soma.0.10714285714285714: 0.010127
SOM_26_24.soma.0.22619047619047616: 0.010316
SOM_26_25.soma.0.5357142857142857: 0.012436
SOM_26_27.soma.0.988095238095238: 0.013090
SOM_26_28.soma.0.08333333333333333: 0.010110
SOM_26_3.soma.0.13095238095238093: 0.010145
SOM_26_30.soma.0.7023809523809523: 0.012981
SOM_26_31.soma.0.8214285714285714: 0.012975
SOM_26_32.soma.0.9642857142857142: 0.013120
SOM_26_33.soma.0.20238095238095238: 0.010293
SOM_26_34.soma.0.011904761904761904: 0.010126
SOM_26_35.soma.0.27380952380952384: 0.010586
SOM_26_36.soma.0.5833333333333333: 0.012632
SOM_26_37.soma.0.15476190476190477: 0.010208
SOM_26_38.soma.0.17857142857142855: 0.010213
SOM_26_4.soma.0.4642857142857143: 0.012084
SOM_26_5.soma.0.7261904761904762: 0.012922
SOM_26_6.soma.0.9166666666666666: 0.013052
SOM_26_7.soma.0.4880952380952381: 0.012222
SOM_26_8.soma.0.6547619047619048: 0.012981
SOM_26_9.soma.0.6071428571428571: 0.012752
