Time: 20.000000000000306; Period: Before stimulation
PT_3_20.Adend1.0.015789473684210527: 0.001148
PT_3_20.Adend2.0.49298245614035086: 0.000560
PT_3_20.Adend3.0.11754385964912281: 0.002066
PT_3_20.Bdend.0.10701754385964912: 0.002208
PT_3_21.Adend1.0.7105263157894737: 0.034922
PT_3_21.Adend2.0.11403508771929825: 0.217342
PT_3_21.Adend3.0.7842105263157895: 0.238398
PT_3_21.Bdend.0.9070175438596492: 0.340412
PT_3_22.Adend1.0.4087719298245614: 0.006873
PT_3_22.Adend2.0.8403508771929825: 0.000877
PT_3_22.Adend3.0.2543859649122807: 15.000000
PT_3_22.Bdend.0.2894736842105263: 15.000000
PT_3_23.Adend1.0.28596491228070176: 0.001490
PT_3_23.Adend2.0.6649122807017543: 0.005274
PT_3_23.Adend3.0.4824561403508772: 0.001375
PT_3_23.Bdend.0.04035087719298246: 0.003782
PT_3_24.Adend1.0.1105263157894737: 0.000825
PT_3_24.Adend2.0.9140350877192982: 0.001023
PT_3_24.Adend3.0.22982456140350876: 0.000821
PT_3_24.Bdend.0.46842105263157896: 0.001833
PT_3_25.Adend1.0.4789473684210526: 0.002442
PT_3_25.Adend2.0.49298245614035086: 0.000561
PT_3_25.Adend3.0.32105263157894737: 0.000798
PT_3_25.Bdend.0.3: 0.003635
PT_3_26.Adend1.0.0824561403508772: 0.000821
PT_3_26.Adend2.0.8403508771929825: 0.000878
PT_3_26.Adend3.0.612280701754386: 0.000816
PT_3_26.Bdend.0.5: 0.003714
PT_3_27.Adend1.0.02631578947368421: 0.005020
PT_3_27.Adend2.0.45789473684210524: 2.551592
PT_3_27.Adend3.0.019298245614035085: 0.001992
PT_3_27.Bdend.0.356140350877193: 0.004295
PT_3_28.Adend1.0.6368421052631579: 14.062118
PT_3_28.Adend2.0.0017543859649122807: 13.027181
PT_3_28.Adend3.0.9175438596491228: 14.914992
PT_3_28.Bdend.0.2929824561403509: 0.160996
PT_3_29.Adend1.0.06140350877192982: 0.000884
PT_3_29.Adend2.0.4649122807017544: 0.006543
PT_3_29.Adend3.0.5175438596491229: 0.003966
PT_3_29.Bdend.0.8859649122807017: 0.002144
PT_3_30.soma.0.6145833333333333: 0.002240
PT_3_31.soma.0.05208333333333333: 0.002079
PT_3_32.soma.0.23958333333333331: 0.002129
PT_3_33.soma.0.46875: 0.002236
PT_3_34.soma.0.71875: 0.002225
PT_3_35.soma.0.2604166666666667: 0.002134
PT_3_36.soma.0.5104166666666666: 0.002255
PT_3_37.soma.0.15625: 0.002107
PT_3_38.soma.0.8229166666666666: 0.002302
PT_3_39.soma.0.17708333333333331: 0.002109
SOM_23_0.soma.0.32142857142857145: 0.012975
SOM_23_1.soma.0.6785714285714285: 0.011142
SOM_23_10.soma.0.7738095238095237: 0.009493
SOM_23_11.soma.0.8452380952380952: 0.008223
SOM_23_12.soma.0.22619047619047616: 0.012927
SOM_23_13.soma.0.05952380952380952: 0.013481
SOM_23_14.soma.0.9642857142857142: 0.007960
SOM_23_15.soma.0.7261904761904762: 0.010614
SOM_23_16.soma.0.44047619047619047: 0.013609
SOM_23_17.soma.0.011904761904761904: 0.013603
SOM_23_18.soma.0.34523809523809523: 0.013098
SOM_23_19.soma.0.6071428571428571: 0.012645
SOM_23_2.soma.0.9404761904761905: 0.008219
SOM_23_20.soma.0.8214285714285714: 0.008378
SOM_23_21.soma.0.75: 0.009908
SOM_23_22.soma.0.03571428571428571: 0.013478
SOM_23_24.soma.0.7976190476190476: 0.008907
SOM_23_25.soma.0.9166666666666666: 0.007691
SOM_23_26.soma.0.27380952380952384: 0.012431
SOM_23_27.soma.0.869047619047619: 0.008317
SOM_23_28.soma.0.5833333333333333: 0.012950
SOM_23_3.soma.0.08333333333333333: 0.013333
SOM_23_30.soma.0.4166666666666667: 0.013505
SOM_23_31.soma.0.20238095238095238: 0.013046
SOM_23_32.soma.0.6547619047619048: 0.011735
SOM_23_33.soma.0.8928571428571428: 0.008268
SOM_23_34.soma.0.10714285714285714: 0.013424
SOM_23_35.soma.0.988095238095238: 0.008082
SOM_23_36.soma.0.17857142857142855: 0.013121
SOM_23_37.soma.0.6309523809523809: 0.012271
SOM_23_38.soma.0.2976190476190476: 0.012741
SOM_23_4.soma.0.7023809523809523: 0.010907
SOM_23_5.soma.0.4880952380952381: 0.013617
SOM_23_6.soma.0.5119047619047619: 0.013564
SOM_23_7.soma.0.13095238095238093: 0.013291
SOM_23_8.soma.0.39285714285714285: 0.013394
SOM_23_9.soma.0.5357142857142857: 0.013496
