Time: 20.000000000000306; Period: Before stimulation
PT_1_20.Adend1.0.04035087719298246: 0.002121
PT_1_20.Adend2.0.9842105263157894: 0.000989
PT_1_20.Adend3.0.9245614035087719: 0.001004
PT_1_20.Bdend.0.2543859649122807: 0.001027
PT_1_21.Adend1.0.8824561403508772: 0.881244
PT_1_21.Adend2.0.8228070175438597: 0.428227
PT_1_21.Adend3.0.6157894736842106: 0.241168
PT_1_21.Bdend.0.41578947368421054: 0.000978
PT_1_22.Adend1.0.0543859649122807: 0.773417
PT_1_22.Adend2.0.3631578947368421: 0.002220
PT_1_22.Adend3.0.10350877192982456: 0.001693
PT_1_22.Bdend.0.2719298245614035: 0.058418
PT_1_23.Adend1.0.6333333333333333: 0.001708
PT_1_23.Adend2.0.4298245614035088: 0.001774
PT_1_23.Adend3.0.9: 0.002328
PT_1_23.Bdend.0.3912280701754386: 0.002300
PT_1_24.Adend1.0.15964912280701754: 0.001584
PT_1_24.Adend2.0.2824561403508772: 0.000690
PT_1_24.Adend3.0.14912280701754385: 0.000664
PT_1_24.Bdend.0.7105263157894737: 0.000790
PT_1_25.Adend1.0.156140350877193: 0.000625
PT_1_25.Adend2.0.7596491228070176: 0.000952
PT_1_25.Adend3.0.9912280701754386: 0.000923
PT_1_25.Bdend.0.22631578947368422: 0.001969
PT_1_26.Adend1.0.3631578947368421: 0.001494
PT_1_26.Adend2.0.6859649122807018: 0.001062
PT_1_26.Adend3.0.07192982456140351: 0.000651
PT_1_26.Bdend.0.41578947368421054: 0.000981
PT_1_27.Adend1.0.05789473684210526: 0.026029
PT_1_27.Adend2.0.6859649122807018: 0.001061
PT_1_27.Adend3.0.03684210526315789: 0.002818
PT_1_27.Bdend.0.39473684210526316: 0.002134
PT_1_28.Adend1.0.9315789473684211: 11.657570
PT_1_28.Adend2.0.3842105263157895: 14.891484
PT_1_28.Adend3.0.9315789473684211: 0.374017
PT_1_28.Bdend.0.3280701754385965: 13.474082
PT_1_29.Adend1.0.5736842105263158: 0.000759
PT_1_29.Adend2.0.8473684210526315: 0.000732
PT_1_29.Adend3.0.1: 0.000768
PT_1_29.Bdend.0.6719298245614035: 0.001299
PT_1_30.soma.0.8645833333333333: 0.002135
PT_1_31.soma.0.7395833333333333: 0.002113
PT_1_32.soma.0.15625: 0.002088
PT_1_33.soma.0.9895833333333333: 0.002184
PT_1_34.soma.0.40625: 0.002082
PT_1_35.soma.0.34375: 0.002085
PT_1_36.soma.0.6354166666666666: 0.002124
PT_1_37.soma.0.53125: 0.002143
PT_1_38.soma.0.96875: 0.002176
PT_1_39.soma.0.2604166666666667: 0.002086
SOM_21_0.soma.0.4880952380952381: 0.007505
SOM_21_1.soma.0.2976190476190476: 0.007645
SOM_21_10.soma.0.39285714285714285: 0.007683
SOM_21_11.soma.0.4166666666666667: 0.007681
SOM_21_12.soma.0.25: 0.007580
SOM_21_13.soma.0.5595238095238095: 0.007415
SOM_21_14.soma.0.011904761904761904: 0.007325
SOM_21_15.soma.0.6785714285714285: 0.007440
SOM_21_16.soma.0.36904761904761907: 0.007690
SOM_21_17.soma.0.9404761904761905: 0.007823
SOM_21_18.soma.0.13095238095238093: 0.007418
SOM_21_19.soma.0.44047619047619047: 0.007637
SOM_21_2.soma.0.8214285714285714: 0.007717
SOM_21_20.soma.0.08333333333333333: 0.007320
SOM_21_22.soma.0.32142857142857145: 0.007727
SOM_21_23.soma.0.03571428571428571: 0.007310
SOM_21_24.soma.0.27380952380952384: 0.007600
SOM_21_25.soma.0.5833333333333333: 0.007387
SOM_21_26.soma.0.6309523809523809: 0.007316
SOM_21_27.soma.0.75: 0.007592
SOM_21_28.soma.0.7023809523809523: 0.007454
SOM_21_3.soma.0.6071428571428571: 0.007310
SOM_21_30.soma.0.22619047619047616: 0.007522
SOM_21_31.soma.0.20238095238095238: 0.007479
SOM_21_32.soma.0.4642857142857143: 0.007600
SOM_21_33.soma.0.34523809523809523: 0.007752
SOM_21_34.soma.0.8452380952380952: 0.007761
SOM_21_35.soma.0.7738095238095237: 0.007581
SOM_21_36.soma.0.988095238095238: 0.007820
SOM_21_37.soma.0.05952380952380952: 0.007330
SOM_21_38.soma.0.7976190476190476: 0.007676
SOM_21_4.soma.0.9166666666666666: 0.007777
SOM_21_5.soma.0.5119047619047619: 0.007421
SOM_21_6.soma.0.7261904761904762: 0.007515
SOM_21_7.soma.0.5357142857142857: 0.007388
SOM_21_8.soma.0.17857142857142855: 0.007477
SOM_21_9.soma.0.6547619047619048: 0.007371
