Time: 20.000000000000306; Period: Before stimulation
PT_5_20.Adend1.0.9140350877192982: 0.001037
PT_5_20.Adend2.0.10701754385964912: 0.000977
PT_5_20.Adend3.0.956140350877193: 0.001029
PT_5_20.Bdend.0.3456140350877193: 0.000998
PT_5_21.Adend1.0.8052631578947369: 0.001793
PT_5_21.Adend2.0.32456140350877194: 0.225860
PT_5_21.Adend3.0.980701754385965: 0.493151
PT_5_21.Bdend.0.15263157894736842: 0.053348
PT_5_22.Adend1.0.8649122807017544: 15.000000
PT_5_22.Adend2.0.387719298245614: 0.002571
PT_5_22.Adend3.0.5140350877192983: 0.007107
PT_5_22.Bdend.0.9070175438596492: 0.008635
PT_5_23.Adend1.0.5736842105263158: 0.002306
PT_5_23.Adend2.0.5561403508771929: 0.002013
PT_5_23.Adend3.0.8298245614035088: 0.003106
PT_5_23.Bdend.0.005263157894736842: 0.001955
PT_5_24.Adend1.0.41578947368421054: 0.000766
PT_5_24.Adend2.0.2789473684210526: 0.001134
PT_5_24.Adend3.0.24385964912280703: 0.000764
PT_5_24.Bdend.0.7631578947368421: 0.000790
PT_5_25.Adend1.0.8017543859649123: 0.000877
PT_5_25.Adend2.0.8824561403508772: 0.000768
PT_5_25.Adend3.0.28596491228070176: 0.001252
PT_5_25.Bdend.0.22982456140350876: 0.000699
PT_5_26.Adend1.0.18070175438596492: 0.001957
PT_5_26.Adend2.0.9771929824561404: 0.000658
PT_5_26.Adend3.0.8192982456140351: 0.001214
PT_5_26.Bdend.0.8263157894736842: 0.000837
PT_5_27.Adend1.0.6789473684210526: 0.005419
PT_5_27.Adend2.0.2789473684210526: 0.001136
PT_5_27.Adend3.0.6824561403508772: 0.002289
PT_5_27.Bdend.0.156140350877193: 0.017797
PT_5_28.Adend1.0.21578947368421053: 10.334343
PT_5_28.Adend2.0.1: 0.142515
PT_5_28.Adend3.0.4368421052631579: 13.919508
PT_5_28.Bdend.0.9175438596491228: 6.603534
PT_5_29.Adend1.0.387719298245614: 0.001040
PT_5_29.Adend2.0.6368421052631579: 0.000739
PT_5_29.Adend3.0.7421052631578947: 0.000785
PT_5_29.Bdend.0.7491228070175439: 0.001194
PT_5_30.soma.0.42708333333333337: 0.001869
PT_5_31.soma.0.59375: 0.001912
PT_5_32.soma.0.6145833333333333: 0.001919
PT_5_33.soma.0.17708333333333331: 0.001774
PT_5_34.soma.0.13541666666666666: 0.001753
PT_5_35.soma.0.8645833333333333: 0.002020
PT_5_36.soma.0.5520833333333333: 0.001906
PT_5_37.soma.0.6979166666666666: 0.001954
PT_5_38.soma.0.46875: 0.001886
PT_5_39.soma.0.4479166666666667: 0.001874
SOM_25_0.soma.0.22619047619047616: 0.016845
SOM_25_1.soma.0.4166666666666667: 0.015688
SOM_25_10.soma.0.7976190476190476: 0.015301
SOM_25_11.soma.0.75: 0.014975
SOM_25_12.soma.0.4880952380952381: 0.015035
SOM_25_13.soma.0.39285714285714285: 0.016152
SOM_25_14.soma.0.6071428571428571: 0.014996
SOM_25_15.soma.0.9166666666666666: 0.016019
SOM_25_16.soma.0.34523809523809523: 0.016576
SOM_25_17.soma.0.869047619047619: 0.015781
SOM_25_18.soma.0.9642857142857142: 0.016106
SOM_25_19.soma.0.03571428571428571: 0.016235
SOM_25_2.soma.0.15476190476190477: 0.016689
SOM_25_20.soma.0.7261904761904762: 0.014762
SOM_25_21.soma.0.5595238095238095: 0.015041
SOM_25_22.soma.0.20238095238095238: 0.016822
SOM_25_23.soma.0.5119047619047619: 0.014945
SOM_25_24.soma.0.05952380952380952: 0.016364
SOM_25_26.soma.0.17857142857142855: 0.016639
SOM_25_27.soma.0.2976190476190476: 0.016865
SOM_25_28.soma.0.5357142857142857: 0.014926
SOM_25_3.soma.0.7738095238095237: 0.015080
SOM_25_30.soma.0.6785714285714285: 0.014826
SOM_25_31.soma.0.6547619047619048: 0.014834
SOM_25_32.soma.0.8214285714285714: 0.015510
SOM_25_33.soma.0.08333333333333333: 0.016478
SOM_25_34.soma.0.25: 0.016919
SOM_25_35.soma.0.988095238095238: 0.015987
SOM_25_36.soma.0.44047619047619047: 0.015405
SOM_25_37.soma.0.36904761904761907: 0.016447
SOM_25_38.soma.0.9404761904761905: 0.016053
SOM_25_4.soma.0.10714285714285714: 0.016424
SOM_25_5.soma.0.4642857142857143: 0.015013
SOM_25_6.soma.0.011904761904761904: 0.016115
SOM_25_7.soma.0.7023809523809523: 0.014772
SOM_25_8.soma.0.13095238095238093: 0.016633
SOM_25_9.soma.0.6309523809523809: 0.014934
