Time: 20.000000000000306; Period: Before stimulation
PT_7_20.Adend1.0.22631578947368422: 0.001097
PT_7_20.Adend2.0.6298245614035087: 0.001048
PT_7_20.Adend3.0.19473684210526315: 0.001052
PT_7_20.Bdend.0.9105263157894737: 0.001173
PT_7_21.Adend1.0.5035087719298246: 0.041036
PT_7_21.Adend2.0.0824561403508772: 0.210584
PT_7_21.Adend3.0.6789473684210526: 0.212407
PT_7_21.Bdend.0.7175438596491228: 0.025947
PT_7_22.Adend1.0.2824561403508772: 0.004388
PT_7_22.Adend2.0.7140350877192982: 0.198379
PT_7_22.Adend3.0.6403508771929824: 0.004475
PT_7_22.Bdend.0.8719298245614036: 0.003395
PT_7_23.Adend1.0.44035087719298244: 0.001355
PT_7_23.Adend2.0.7666666666666667: 0.001141
PT_7_23.Adend3.0.7035087719298245: 0.003566
PT_7_23.Bdend.0.7210526315789474: 0.009642
PT_7_24.Adend1.0.5175438596491229: 0.000717
PT_7_24.Adend2.0.8298245614035088: 0.000754
PT_7_24.Adend3.0.5947368421052631: 0.000777
PT_7_24.Bdend.0.19473684210526315: 0.001136
PT_7_25.Adend1.0.156140350877193: 0.001051
PT_7_25.Adend2.0.7175438596491228: 0.014727
PT_7_25.Adend3.0.7350877192982456: 0.000787
PT_7_25.Bdend.0.0824561403508772: 0.001231
PT_7_26.Adend1.0.9210526315789473: 0.000695
PT_7_26.Adend2.0.32105263157894737: 0.001033
PT_7_26.Adend3.0.7140350877192982: 0.000699
PT_7_26.Bdend.0.0543859649122807: 0.000751
PT_7_27.Adend1.0.7701754385964912: 0.017626
PT_7_27.Adend2.0.7666666666666667: 0.001141
PT_7_27.Adend3.0.3526315789473684: 0.202739
PT_7_27.Bdend.0.8894736842105263: 0.002692
PT_7_28.Adend1.0.005263157894736842: 3.226647
PT_7_28.Adend2.0.7631578947368421: 0.028089
PT_7_28.Adend3.0.7210526315789474: 0.075425
PT_7_28.Bdend.0.5842105263157895: 9.698402
PT_7_29.Adend1.0.7105263157894737: 0.000927
PT_7_29.Adend2.0.6929824561403509: 0.000812
PT_7_29.Adend3.0.16666666666666669: 0.000764
PT_7_29.Bdend.0.2754385964912281: 0.001287
PT_7_30.soma.0.8645833333333333: 0.005070
PT_7_31.soma.0.03125: 0.004575
PT_7_32.soma.0.8229166666666666: 0.005051
PT_7_33.soma.0.9895833333333333: 0.005145
PT_7_34.soma.0.28125: 0.004771
PT_7_35.soma.0.3229166666666667: 0.004839
PT_7_36.soma.0.36458333333333337: 0.004908
PT_7_37.soma.0.96875: 0.005138
PT_7_38.soma.0.19791666666666666: 0.004731
PT_7_39.soma.0.010416666666666666: 0.004564
SOM_27_0.soma.0.8928571428571428: 0.008074
SOM_27_1.soma.0.6309523809523809: 0.007654
SOM_27_10.soma.0.7261904761904762: 0.007826
SOM_27_11.soma.0.9166666666666666: 0.008072
SOM_27_12.soma.0.39285714285714285: 0.007208
SOM_27_13.soma.0.34523809523809523: 0.007158
SOM_27_14.soma.0.7023809523809523: 0.007799
SOM_27_15.soma.0.08333333333333333: 0.007116
SOM_27_16.soma.0.869047619047619: 0.008065
SOM_27_17.soma.0.22619047619047616: 0.007000
SOM_27_18.soma.0.03571428571428571: 0.007115
SOM_27_19.soma.0.17857142857142855: 0.007056
SOM_27_2.soma.0.5833333333333333: 0.007581
SOM_27_20.soma.0.4642857142857143: 0.007317
SOM_27_21.soma.0.6785714285714285: 0.007753
SOM_27_22.soma.0.4166666666666667: 0.007239
SOM_27_23.soma.0.9404761904761905: 0.008030
SOM_27_24.soma.0.20238095238095238: 0.007043
SOM_27_25.soma.0.10714285714285714: 0.007071
SOM_27_26.soma.0.27380952380952384: 0.007011
SOM_27_28.soma.0.7976190476190476: 0.007942
SOM_27_3.soma.0.7738095238095237: 0.007904
SOM_27_30.soma.0.5119047619047619: 0.007383
SOM_27_31.soma.0.8452380952380952: 0.008013
SOM_27_32.soma.0.011904761904761904: 0.007159
SOM_27_33.soma.0.32142857142857145: 0.007128
SOM_27_34.soma.0.15476190476190477: 0.007088
SOM_27_35.soma.0.9642857142857142: 0.008017
SOM_27_36.soma.0.36904761904761907: 0.007154
SOM_27_37.soma.0.75: 0.007889
SOM_27_38.soma.0.05952380952380952: 0.007122
SOM_27_4.soma.0.8214285714285714: 0.007988
SOM_27_5.soma.0.44047619047619047: 0.007259
SOM_27_6.soma.0.2976190476190476: 0.007042
SOM_27_7.soma.0.13095238095238093: 0.007046
SOM_27_8.soma.0.4880952380952381: 0.007349
SOM_27_9.soma.0.6071428571428571: 0.007628
