Time: 20.000000000000306; Period: Before stimulation
PT_10_20.Adend1.0.17017543859649123: 0.000889
PT_10_20.Adend2.0.46842105263157896: 0.001210
PT_10_20.Adend3.0.8473684210526315: 0.001229
PT_10_20.Bdend.0.10701754385964912: 0.001931
PT_10_21.Adend1.0.1842105263157895: 0.047479
PT_10_21.Adend2.0.37719298245614036: 0.000835
PT_10_21.Adend3.0.356140350877193: 0.118604
PT_10_21.Bdend.0.8964912280701754: 0.037542
PT_10_22.Adend1.0.9140350877192982: 0.003671
PT_10_22.Adend2.0.5350877192982456: 0.121644
PT_10_22.Adend3.0.5210526315789473: 0.003252
PT_10_22.Bdend.0.0824561403508772: 0.003857
PT_10_23.Adend1.0.7491228070175439: 0.001751
PT_10_23.Adend2.0.3491228070175439: 0.002761
PT_10_23.Adend3.0.19824561403508772: 0.005306
PT_10_23.Bdend.0.4649122807017544: 0.001656
PT_10_24.Adend1.0.6543859649122807: 0.000674
PT_10_24.Adend2.0.37719298245614036: 0.000833
PT_10_24.Adend3.0.9105263157894737: 0.000976
PT_10_24.Bdend.0.4614035087719298: 0.000684
PT_10_25.Adend1.0.756140350877193: 0.001420
PT_10_25.Adend2.0.5947368421052631: 0.000812
PT_10_25.Adend3.0.0824561403508772: 0.000731
PT_10_25.Bdend.0.11754385964912281: 0.001493
PT_10_26.Adend1.0.7982456140350878: 0.002311
PT_10_26.Adend2.0.2754385964912281: 0.000786
PT_10_26.Adend3.0.5: 0.000762
PT_10_26.Bdend.0.4298245614035088: 0.001065
PT_10_27.Adend1.0.1736842105263158: 0.003659
PT_10_27.Adend2.0.3912280701754386: 0.005826
PT_10_27.Adend3.0.06140350877192982: 0.004814
PT_10_27.Bdend.0.8754385964912281: 4.327322
PT_10_28.Adend1.0.6754385964912281: 14.454602
PT_10_28.Adend2.0.8403508771929825: 0.004385
PT_10_28.Adend3.0.9385964912280702: 13.606109
PT_10_28.Bdend.0.26842105263157895: 13.871044
PT_10_29.Adend1.0.22982456140350876: 0.001584
PT_10_29.Adend2.0.8473684210526315: 0.000816
PT_10_29.Adend3.0.6052631578947368: 0.001262
PT_10_29.Bdend.0.5982456140350877: 0.003155
PT_10_30.soma.0.46875: 0.002417
PT_10_31.soma.0.36458333333333337: 0.002375
PT_10_32.soma.0.7604166666666666: 0.002470
PT_10_33.soma.0.8645833333333333: 0.002512
PT_10_34.soma.0.5729166666666666: 0.002411
PT_10_35.soma.0.40625: 0.002384
PT_10_36.soma.0.84375: 0.002504
PT_10_37.soma.0.28125: 0.002373
PT_10_38.soma.0.19791666666666666: 0.002379
PT_10_39.soma.0.6979166666666666: 0.002451
PV_30_0.soma.0.2777777777777778: 0.006682
PV_30_1.soma.0.537037037037037: 0.006744
PV_30_10.soma.0.6481481481481481: 0.007529
PV_30_11.soma.0.16666666666666666: 0.007827
PV_30_12.soma.0.6481481481481481: 0.007459
PV_30_13.soma.0.2037037037037037: 0.007043
PV_30_14.soma.0.38888888888888884: 0.006616
PV_30_15.soma.0.4629629629629629: 0.006552
PV_30_16.soma.0.31481481481481477: 0.006873
PV_30_17.soma.0.611111111111111: 0.007262
PV_30_18.soma.0.05555555555555555: 0.008559
PV_30_19.soma.0.8333333333333333: 0.007240
PV_30_2.soma.0.09259259259259259: 0.008437
PV_30_20.soma.0.7222222222222222: 0.007029
PV_30_21.soma.0.9444444444444444: 0.006778
PV_30_22.soma.0.7592592592592592: 0.007127
PV_30_23.soma.0.8703703703703703: 0.006983
PV_30_24.soma.0.5740740740740741: 0.006864
PV_30_25.soma.0.42592592592592593: 0.006175
PV_30_26.soma.0.24074074074074073: 0.006101
PV_30_27.soma.0.7592592592592592: 0.007035
PV_30_28.soma.0.2037037037037037: 0.006968
PV_30_3.soma.0.09259259259259259: 0.008420
PV_30_31.soma.0.7592592592592592: 0.007107
PV_30_32.soma.0.9074074074074073: 0.006891
PV_30_33.soma.0.5: 0.006760
PV_30_34.soma.0.35185185185185186: 0.006679
PV_30_35.soma.0.7962962962962963: 0.007151
PV_30_36.soma.0.05555555555555555: 0.008497
PV_30_37.soma.0.9814814814814814: 0.006749
PV_30_38.soma.0.5: 0.006680
PV_30_4.soma.0.7592592592592592: 0.007063
PV_30_5.soma.0.6851851851851851: 0.007405
PV_30_6.soma.0.16666666666666666: 0.007856
PV_30_7.soma.0.537037037037037: 0.006871
PV_30_8.soma.0.09259259259259259: 0.008508
PV_30_9.soma.0.018518518518518517: 0.008636
