Time: 20.000000000000306; Period: Before stimulation
PT_13_20.Adend1.0.48596491228070177: 0.001260
PT_13_20.Adend2.0.5140350877192983: 0.001047
PT_13_20.Adend3.0.48596491228070177: 0.002438
PT_13_20.Bdend.0.980701754385965: 0.000934
PT_13_21.Adend1.0.6508771929824562: 0.237362
PT_13_21.Adend2.0.8824561403508772: 1.409477
PT_13_21.Adend3.0.9175438596491228: 0.565566
PT_13_21.Bdend.0.7596491228070176: 0.561693
PT_13_22.Adend1.0.9596491228070175: 15.000000
PT_13_22.Adend2.0.043859649122807015: 0.004209
PT_13_22.Adend3.0.7631578947368421: 0.070695
PT_13_22.Bdend.0.6929824561403509: 0.328199
PT_13_23.Adend1.0.24035087719298245: 0.002235
PT_13_23.Adend2.0.956140350877193: 0.001557
PT_13_23.Adend3.0.20526315789473684: 0.005009
PT_13_23.Bdend.0.956140350877193: 0.004657
PT_13_24.Adend1.0.17719298245614035: 0.000669
PT_13_24.Adend2.0.7947368421052632: 0.000721
PT_13_24.Adend3.0.12456140350877193: 0.001491
PT_13_24.Bdend.0.7421052631578947: 0.001999
PT_13_25.Adend1.0.30701754385964913: 0.001473
PT_13_25.Adend2.0.9982456140350877: 0.000715
PT_13_25.Adend3.0.5947368421052631: 0.003907
PT_13_25.Bdend.0.39824561403508774: 0.002831
PT_13_26.Adend1.0.07894736842105264: 0.000756
PT_13_26.Adend2.0.6649122807017543: 0.001274
PT_13_26.Adend3.0.6929824561403509: 0.000697
PT_13_26.Bdend.0.9842105263157894: 0.001414
PT_13_27.Adend1.0.7912280701754386: 0.008746
PT_13_27.Adend2.0.7350877192982456: 0.005288
PT_13_27.Adend3.0.3842105263157895: 0.002273
PT_13_27.Bdend.0.12456140350877193: 0.002076
PT_13_28.Adend1.0.9385964912280702: 13.274738
PT_13_28.Adend2.0.37719298245614036: 14.655548
PT_13_28.Adend3.0.4789473684210526: 0.880600
PT_13_28.Bdend.0.4263157894736842: 14.603954
PT_13_29.Adend1.0.08947368421052632: 0.001043
PT_13_29.Adend2.0.47192982456140353: 0.001410
PT_13_29.Adend3.0.2368421052631579: 0.002001
PT_13_29.Bdend.0.9350877192982456: 0.003228
PT_13_30.soma.0.84375: 0.004541
PT_13_31.soma.0.17708333333333331: 0.004333
PT_13_32.soma.0.9270833333333333: 0.004637
PT_13_33.soma.0.59375: 0.004455
PT_13_34.soma.0.6145833333333333: 0.004409
PT_13_35.soma.0.11458333333333334: 0.004309
PT_13_36.soma.0.28125: 0.004406
PT_13_37.soma.0.03125: 0.004318
PT_13_38.soma.0.9479166666666666: 0.004668
PT_13_39.soma.0.6979166666666666: 0.004463
PV_33_0.soma.0.12962962962962962: 0.007936
PV_33_1.soma.0.31481481481481477: 0.007799
PV_33_10.soma.0.8703703703703703: 0.008297
PV_33_11.soma.0.24074074074074073: 0.008009
PV_33_12.soma.0.5: 0.007669
PV_33_13.soma.0.8333333333333333: 0.008235
PV_33_14.soma.0.5740740740740741: 0.007875
PV_33_15.soma.0.38888888888888884: 0.007604
PV_33_16.soma.0.2037037037037037: 0.008003
PV_33_17.soma.0.9814814814814814: 0.008469
PV_33_18.soma.0.9444444444444444: 0.008460
PV_33_19.soma.0.2777777777777778: 0.007941
PV_33_2.soma.0.16666666666666666: 0.008008
PV_33_20.soma.0.018518518518518517: 0.007481
PV_33_21.soma.0.38888888888888884: 0.007622
PV_33_22.soma.0.6851851851851851: 0.008105
PV_33_23.soma.0.35185185185185186: 0.007682
PV_33_24.soma.0.7962962962962963: 0.008129
PV_33_25.soma.0.7222222222222222: 0.008095
PV_33_26.soma.0.42592592592592593: 0.007476
PV_33_27.soma.0.09259259259259259: 0.007805
PV_33_28.soma.0.24074074074074073: 0.007976
PV_33_3.soma.0.6481481481481481: 0.008006
PV_33_30.soma.0.05555555555555555: 0.007616
PV_33_31.soma.0.611111111111111: 0.007977
PV_33_32.soma.0.7592592592592592: 0.008143
PV_33_34.soma.0.35185185185185186: 0.007724
PV_33_35.soma.0.018518518518518517: 0.007424
PV_33_36.soma.0.2777777777777778: 0.007934
PV_33_37.soma.0.537037037037037: 0.007794
PV_33_38.soma.0.8333333333333333: 0.008195
PV_33_4.soma.0.5: 0.007639
PV_33_5.soma.0.4629629629629629: 0.007507
PV_33_6.soma.0.018518518518518517: 0.007468
PV_33_7.soma.0.09259259259259259: 0.007799
PV_33_8.soma.0.2037037037037037: 0.008007
PV_33_9.soma.0.7592592592592592: 0.008070
