Time: 20.000000000000306; Period: Before stimulation
PT_0_20.Adend1.0.9: 0.001553
PT_0_20.Adend2.0.47192982456140353: 0.000986
PT_0_20.Adend3.0.8929824561403509: 0.001293
PT_0_20.Bdend.0.5701754385964912: 0.001740
PT_0_21.Adend1.0.043859649122807015: 0.179815
PT_0_21.Adend2.0.1385964912280702: 0.034532
PT_0_21.Adend3.0.11754385964912281: 0.203318
PT_0_21.Bdend.0.7526315789473684: 0.279784
PT_0_22.Adend1.0.15263157894736842: 0.004454
PT_0_22.Adend2.0.17017543859649123: 15.000000
PT_0_22.Adend3.0.32456140350877194: 15.000000
PT_0_22.Bdend.0.9631578947368421: 0.007527
PT_0_23.Adend1.0.8087719298245614: 0.001512
PT_0_23.Adend2.0.1280701754385965: 0.002294
PT_0_23.Adend3.0.3140350877192983: 0.030973
PT_0_23.Bdend.0.5070175438596491: 0.006480
PT_0_24.Adend1.0.2964912280701754: 0.000817
PT_0_24.Adend2.0.11403508771929825: 0.000838
PT_0_24.Adend3.0.46842105263157896: 0.000679
PT_0_24.Bdend.0.2192982456140351: 0.000840
PT_0_25.Adend1.0.03684210526315789: 0.001524
PT_0_25.Adend2.0.5035087719298246: 0.000774
PT_0_25.Adend3.0.20877192982456141: 0.000926
PT_0_25.Bdend.0.20526315789473684: 0.001007
PT_0_26.Adend1.0.8754385964912281: 0.000668
PT_0_26.Adend2.0.5561403508771929: 0.000754
PT_0_26.Adend3.0.8719298245614036: 0.001135
PT_0_26.Bdend.0.03333333333333333: 0.000832
PT_0_27.Adend1.0.7771929824561403: 0.005519
PT_0_27.Adend2.0.8824561403508772: 0.003879
PT_0_27.Adend3.0.5982456140350877: 0.002525
PT_0_27.Bdend.0.30350877192982456: 0.006663
PT_0_28.Adend1.0.5035087719298246: 13.081596
PT_0_28.Adend2.0.41228070175438597: 13.719276
PT_0_28.Adend3.0.16666666666666669: 0.018393
PT_0_28.Bdend.0.9912280701754386: 12.173996
PT_0_29.Adend1.0.5807017543859649: 0.000746
PT_0_29.Adend2.0.07192982456140351: 0.000734
PT_0_29.Adend3.0.15964912280701754: 0.000812
PT_0_29.Bdend.0.8754385964912281: 0.001106
PT_0_30.soma.0.07291666666666667: 0.002814
PT_0_31.soma.0.42708333333333337: 0.002976
PT_0_32.soma.0.84375: 0.002963
PT_0_33.soma.0.9479166666666666: 0.003050
PT_0_34.soma.0.78125: 0.002905
PT_0_35.soma.0.05208333333333333: 0.002804
PT_0_36.soma.0.48958333333333337: 0.003049
PT_0_37.soma.0.8229166666666666: 0.002949
PT_0_38.soma.0.17708333333333331: 0.002858
PT_0_39.soma.0.6979166666666666: 0.002963
SOM_20_0.soma.0.5833333333333333: 0.013214
SOM_20_1.soma.0.08333333333333333: 0.013074
SOM_20_10.soma.0.27380952380952384: 0.013329
SOM_20_11.soma.0.7261904761904762: 0.012680
SOM_20_12.soma.0.20238095238095238: 0.013278
SOM_20_13.soma.0.5595238095238095: 0.013393
SOM_20_14.soma.0.5357142857142857: 0.013377
SOM_20_15.soma.0.988095238095238: 0.011665
SOM_20_16.soma.0.32142857142857145: 0.013305
SOM_20_17.soma.0.8928571428571428: 0.011722
SOM_20_18.soma.0.9166666666666666: 0.011671
SOM_20_19.soma.0.5119047619047619: 0.013418
SOM_20_2.soma.0.8452380952380952: 0.011950
SOM_20_21.soma.0.13095238095238093: 0.013162
SOM_20_22.soma.0.03571428571428571: 0.013159
SOM_20_23.soma.0.9642857142857142: 0.011604
SOM_20_24.soma.0.9404761904761905: 0.011578
SOM_20_25.soma.0.011904761904761904: 0.013070
SOM_20_26.soma.0.6785714285714285: 0.012756
SOM_20_27.soma.0.7023809523809523: 0.012733
SOM_20_28.soma.0.6309523809523809: 0.012950
SOM_20_3.soma.0.25: 0.013289
SOM_20_30.soma.0.22619047619047616: 0.013258
SOM_20_31.soma.0.10714285714285714: 0.013047
SOM_20_32.soma.0.2976190476190476: 0.013365
SOM_20_33.soma.0.7976190476190476: 0.012337
SOM_20_34.soma.0.44047619047619047: 0.013422
SOM_20_35.soma.0.4880952380952381: 0.013316
SOM_20_36.soma.0.39285714285714285: 0.013335
SOM_20_37.soma.0.4642857142857143: 0.013427
SOM_20_38.soma.0.05952380952380952: 0.013082
SOM_20_4.soma.0.75: 0.012489
SOM_20_5.soma.0.869047619047619: 0.011740
SOM_20_6.soma.0.34523809523809523: 0.013283
SOM_20_7.soma.0.6547619047619048: 0.012815
SOM_20_8.soma.0.7738095238095237: 0.012406
SOM_20_9.soma.0.36904761904761907: 0.013271
