Time: 20.000000000000306; Period: Before stimulation
PT_2_20.Adend1.0.21578947368421053: 0.000981
PT_2_20.Adend2.0.42280701754385963: 0.001093
PT_2_20.Adend3.0.8052631578947369: 0.001338
PT_2_20.Bdend.0.24385964912280703: 0.001237
PT_2_21.Adend1.0.3140350877192983: 0.214871
PT_2_21.Adend2.0.612280701754386: 0.250899
PT_2_21.Adend3.0.20526315789473684: 0.132109
PT_2_21.Bdend.0.7912280701754386: 0.005843
PT_2_22.Adend1.0.5210526315789473: 0.002572
PT_2_22.Adend2.0.16666666666666669: 15.000000
PT_2_22.Adend3.0.5736842105263158: 0.044186
PT_2_22.Bdend.0.9947368421052631: 15.000000
PT_2_23.Adend1.0.8368421052631579: 0.005385
PT_2_23.Adend2.0.7491228070175439: 0.002263
PT_2_23.Adend3.0.9526315789473684: 0.001854
PT_2_23.Bdend.0.5280701754385965: 0.002081
PT_2_24.Adend1.0.24385964912280703: 0.000722
PT_2_24.Adend2.0.5421052631578948: 0.000819
PT_2_24.Adend3.0.6087719298245614: 0.000742
PT_2_24.Bdend.0.23333333333333334: 0.000790
PT_2_25.Adend1.0.34210526315789475: 0.000772
PT_2_25.Adend2.0.1280701754385965: 0.000902
PT_2_25.Adend3.0.7350877192982456: 0.000682
PT_2_25.Bdend.0.7947368421052632: 0.001744
PT_2_26.Adend1.0.2368421052631579: 0.000788
PT_2_26.Adend2.0.5070175438596491: 0.000652
PT_2_26.Adend3.0.24736842105263157: 0.000871
PT_2_26.Bdend.0.09649122807017545: 0.001059
PT_2_27.Adend1.0.2754385964912281: 0.002465
PT_2_27.Adend2.0.156140350877193: 0.035006
PT_2_27.Adend3.0.3631578947368421: 0.002834
PT_2_27.Bdend.0.5175438596491229: 0.002913
PT_2_28.Adend1.0.6017543859649123: 13.411932
PT_2_28.Adend2.0.6157894736842106: 2.523254
PT_2_28.Adend3.0.4087719298245614: 14.775984
PT_2_28.Bdend.0.10701754385964912: 0.235547
PT_2_29.Adend1.0.5666666666666667: 0.000932
PT_2_29.Adend2.0.7315789473684211: 0.000817
PT_2_29.Adend3.0.5947368421052631: 0.001045
PT_2_29.Bdend.0.17017543859649123: 0.000813
PT_2_30.soma.0.59375: 0.004286
PT_2_31.soma.0.40625: 0.004158
PT_2_32.soma.0.07291666666666667: 0.004061
PT_2_33.soma.0.03125: 0.004055
PT_2_34.soma.0.8854166666666666: 0.004209
PT_2_35.soma.0.8020833333333333: 0.004229
PT_2_36.soma.0.96875: 0.004298
PT_2_37.soma.0.5104166666666666: 0.004339
PT_2_38.soma.0.05208333333333333: 0.004060
PT_2_39.soma.0.11458333333333334: 0.004069
SOM_22_0.soma.0.44047619047619047: 0.009023
SOM_22_1.soma.0.4166666666666667: 0.009028
SOM_22_10.soma.0.4880952380952381: 0.008930
SOM_22_11.soma.0.34523809523809523: 0.009270
SOM_22_12.soma.0.8452380952380952: 0.008793
SOM_22_13.soma.0.5357142857142857: 0.008928
SOM_22_14.soma.0.32142857142857145: 0.009377
SOM_22_15.soma.0.27380952380952384: 0.009602
SOM_22_16.soma.0.8928571428571428: 0.008809
SOM_22_17.soma.0.7976190476190476: 0.008780
SOM_22_18.soma.0.9404761904761905: 0.008798
SOM_22_19.soma.0.13095238095238093: 0.009968
SOM_22_2.soma.0.20238095238095238: 0.009794
SOM_22_20.soma.0.36904761904761907: 0.009145
SOM_22_21.soma.0.5833333333333333: 0.008773
SOM_22_23.soma.0.7261904761904762: 0.008749
SOM_22_24.soma.0.9166666666666666: 0.008759
SOM_22_25.soma.0.39285714285714285: 0.009130
SOM_22_26.soma.0.6071428571428571: 0.008732
SOM_22_27.soma.0.5119047619047619: 0.008933
SOM_22_28.soma.0.6547619047619048: 0.008729
SOM_22_3.soma.0.6785714285714285: 0.008735
SOM_22_30.soma.0.5595238095238095: 0.008800
SOM_22_31.soma.0.8214285714285714: 0.008755
SOM_22_32.soma.0.988095238095238: 0.008851
SOM_22_33.soma.0.22619047619047616: 0.009789
SOM_22_34.soma.0.17857142857142855: 0.009882
SOM_22_35.soma.0.869047619047619: 0.008763
SOM_22_36.soma.0.4642857142857143: 0.008969
SOM_22_37.soma.0.10714285714285714: 0.009976
SOM_22_38.soma.0.08333333333333333: 0.009988
SOM_22_4.soma.0.15476190476190477: 0.009873
SOM_22_5.soma.0.2976190476190476: 0.009463
SOM_22_6.soma.0.6309523809523809: 0.008744
SOM_22_7.soma.0.25: 0.009633
SOM_22_8.soma.0.011904761904761904: 0.010000
SOM_22_9.soma.0.9642857142857142: 0.008807
