Time: 20.000000000000306; Period: Before stimulation
PT_19_20.Adend1.0.9421052631578948: 0.000866
PT_19_20.Adend2.0.3: 0.000974
PT_19_20.Adend3.0.5070175438596491: 0.000999
PT_19_20.Bdend.0.1280701754385965: 0.000874
PT_19_21.Adend1.0.9982456140350877: 0.032011
PT_19_21.Adend2.0.6403508771929824: 0.488942
PT_19_21.Adend3.0.9736842105263158: 0.788545
PT_19_21.Bdend.0.015789473684210527: 0.263630
PT_19_22.Adend1.0.4298245614035088: 0.144313
PT_19_22.Adend2.0.22982456140350876: 15.000000
PT_19_22.Adend3.0.4649122807017544: 0.003918
PT_19_22.Bdend.0.24385964912280703: 0.004021
PT_19_23.Adend1.0.02631578947368421: 0.003332
PT_19_23.Adend2.0.7035087719298245: 0.003343
PT_19_23.Adend3.0.13508771929824562: 0.003275
PT_19_23.Bdend.0.7947368421052632: 0.004086
PT_19_24.Adend1.0.2929824561403509: 0.000690
PT_19_24.Adend2.0.34210526315789475: 0.000840
PT_19_24.Adend3.0.8122807017543859: 0.001120
PT_19_24.Bdend.0.03333333333333333: 0.001106
PT_19_25.Adend1.0.7070175438596491: 0.000693
PT_19_25.Adend2.0.22280701754385965: 0.006619
PT_19_25.Adend3.0.5982456140350877: 0.001202
PT_19_25.Bdend.0.3105263157894737: 0.001504
PT_19_26.Adend1.0.48947368421052634: 0.000683
PT_19_26.Adend2.0.756140350877193: 0.000848
PT_19_26.Adend3.0.6964912280701755: 0.000660
PT_19_26.Bdend.0.05087719298245614: 0.000804
PT_19_27.Adend1.0.9456140350877194: 0.001083
PT_19_27.Adend2.0.47543859649122805: 0.002199
PT_19_27.Adend3.0.44035087719298244: 0.125923
PT_19_27.Bdend.0.9385964912280702: 0.002483
PT_19_28.Adend1.0.12456140350877193: 10.791999
PT_19_28.Adend2.0.21578947368421053: 0.176503
PT_19_28.Adend3.0.6157894736842106: 10.621693
PT_19_28.Bdend.0.15964912280701754: 10.476347
PT_19_29.Adend1.0.4824561403508772: 0.000830
PT_19_29.Adend2.0.7421052631578947: 0.000843
PT_19_29.Adend3.0.48947368421052634: 0.000872
PT_19_29.Bdend.0.13157894736842105: 0.000794
PT_19_30.soma.0.65625: 0.003696
PT_19_31.soma.0.96875: 0.003653
PT_19_32.soma.0.13541666666666666: 0.003653
PT_19_33.soma.0.4479166666666667: 0.003780
PT_19_34.soma.0.30208333333333337: 0.003702
PT_19_35.soma.0.78125: 0.003666
PT_19_36.soma.0.07291666666666667: 0.003646
PT_19_37.soma.0.010416666666666666: 0.003654
PT_19_38.soma.0.15625: 0.003653
PT_19_39.soma.0.7395833333333333: 0.003670
PV_39_0.soma.0.9814814814814814: 0.011040
PV_39_1.soma.0.09259259259259259: 0.001363
PV_39_10.soma.0.2777777777777778: 0.001571
PV_39_11.soma.0.12962962962962962: 0.001400
PV_39_12.soma.0.018518518518518517: 0.001285
PV_39_13.soma.0.05555555555555555: 0.001326
PV_39_14.soma.0.4629629629629629: 0.002160
PV_39_15.soma.0.09259259259259259: 0.001362
PV_39_16.soma.0.16666666666666666: 0.001449
PV_39_17.soma.0.8703703703703703: 0.008766
PV_39_18.soma.0.9074074074074073: 0.009751
PV_39_19.soma.0.6481481481481481: 0.003008
PV_39_2.soma.0.8333333333333333: 0.007673
PV_39_20.soma.0.38888888888888884: 0.001715
PV_39_21.soma.0.42592592592592593: 0.001883
PV_39_22.soma.0.7592592592592592: 0.004846
PV_39_23.soma.0.9074074074074073: 0.009556
PV_39_24.soma.0.05555555555555555: 0.001302
PV_39_25.soma.0.6851851851851851: 0.003255
PV_39_26.soma.0.018518518518518517: 0.001282
PV_39_27.soma.0.24074074074074073: 0.001526
PV_39_28.soma.0.24074074074074073: 0.001531
PV_39_3.soma.0.9444444444444444: 0.010533
PV_39_30.soma.0.16666666666666666: 0.001446
PV_39_31.soma.0.16666666666666666: 0.001420
PV_39_32.soma.0.38888888888888884: 0.001743
PV_39_33.soma.0.5: 0.002349
PV_39_34.soma.0.537037037037037: 0.002552
PV_39_35.soma.0.7592592592592592: 0.004871
PV_39_36.soma.0.31481481481481477: 0.001627
PV_39_37.soma.0.5: 0.002377
PV_39_38.soma.0.38888888888888884: 0.001735
PV_39_4.soma.0.611111111111111: 0.002805
PV_39_5.soma.0.9444444444444444: 0.010547
PV_39_6.soma.0.7222222222222222: 0.003862
PV_39_7.soma.0.2037037037037037: 0.001511
PV_39_8.soma.0.7962962962962963: 0.006290
PV_39_9.soma.0.5740740740740741: 0.002700
