Time: 20.000000000000306; Period: Before stimulation
PT_14_20.Adend1.0.8403508771929825: 0.005496
PT_14_20.Adend2.0.787719298245614: 0.000997
PT_14_20.Adend3.0.5210526315789473: 0.001048
PT_14_20.Bdend.0.5035087719298246: 0.001246
PT_14_21.Adend1.0.38070175438596493: 0.377311
PT_14_21.Adend2.0.6929824561403509: 0.167603
PT_14_21.Adend3.0.38070175438596493: 0.388994
PT_14_21.Bdend.0.3701754385964912: 0.038289
PT_14_22.Adend1.0.2192982456140351: 15.000000
PT_14_22.Adend2.0.38070175438596493: 15.000000
PT_14_22.Adend3.0.04035087719298246: 0.006218
PT_14_22.Bdend.0.11754385964912281: 0.003137
PT_14_23.Adend1.0.9526315789473684: 0.002537
PT_14_23.Adend2.0.9350877192982456: 0.004336
PT_14_23.Adend3.0.6052631578947368: 0.001637
PT_14_23.Bdend.0.6543859649122807: 0.002460
PT_14_24.Adend1.0.4298245614035088: 0.000678
PT_14_24.Adend2.0.22631578947368422: 0.000988
PT_14_24.Adend3.0.2964912280701754: 0.000749
PT_14_24.Bdend.0.9105263157894737: 0.000811
PT_14_25.Adend1.0.5561403508771929: 0.001484
PT_14_25.Adend2.0.9315789473684211: 0.002849
PT_14_25.Adend3.0.04736842105263158: 0.005689
PT_14_25.Bdend.0.6789473684210526: 0.000782
PT_14_26.Adend1.0.022807017543859647: 0.000552
PT_14_26.Adend2.0.08596491228070176: 0.001486
PT_14_26.Adend3.0.868421052631579: 0.000641
PT_14_26.Bdend.0.12105263157894737: 0.000824
PT_14_27.Adend1.0.8052631578947369: 0.002255
PT_14_27.Adend2.0.45789473684210524: 15.000000
PT_14_27.Adend3.0.46842105263157896: 0.002829
PT_14_27.Bdend.0.7701754385964912: 0.003364
PT_14_28.Adend1.0.23333333333333334: 13.724579
PT_14_28.Adend2.0.443859649122807: 12.641849
PT_14_28.Adend3.0.13157894736842105: 13.839131
PT_14_28.Bdend.0.8543859649122807: 13.578325
PT_14_29.Adend1.0.022807017543859647: 0.000552
PT_14_29.Adend2.0.14912280701754385: 0.000926
PT_14_29.Adend3.0.7526315789473684: 0.000958
PT_14_29.Bdend.0.443859649122807: 0.000935
PT_14_30.soma.0.7395833333333333: 0.003235
PT_14_31.soma.0.53125: 0.003158
PT_14_32.soma.0.34375: 0.003092
PT_14_33.soma.0.13541666666666666: 0.003020
PT_14_34.soma.0.03125: 0.002977
PT_14_35.soma.0.78125: 0.003238
PT_14_36.soma.0.3854166666666667: 0.003111
PT_14_37.soma.0.84375: 0.003293
PT_14_38.soma.0.09375: 0.003012
PT_14_39.soma.0.65625: 0.003200
PV_34_0.soma.0.611111111111111: 0.018158
PV_34_1.soma.0.42592592592592593: 0.021373
PV_34_10.soma.0.16666666666666666: 0.019565
PV_34_11.soma.0.537037037037037: 0.019371
PV_34_12.soma.0.018518518518518517: 0.019967
PV_34_13.soma.0.38888888888888884: 0.021956
PV_34_14.soma.0.35185185185185186: 0.021659
PV_34_15.soma.0.5: 0.020116
PV_34_16.soma.0.9074074074074073: 0.017746
PV_34_17.soma.0.2777777777777778: 0.020965
PV_34_18.soma.0.4629629629629629: 0.020980
PV_34_19.soma.0.09259259259259259: 0.019931
PV_34_2.soma.0.4629629629629629: 0.020973
PV_34_20.soma.0.537037037037037: 0.019344
PV_34_21.soma.0.9444444444444444: 0.017975
PV_34_22.soma.0.2777777777777778: 0.020970
PV_34_23.soma.0.9074074074074073: 0.017764
PV_34_24.soma.0.6851851851851851: 0.017071
PV_34_25.soma.0.05555555555555555: 0.019855
PV_34_26.soma.0.16666666666666666: 0.019551
PV_34_27.soma.0.7222222222222222: 0.016910
PV_34_28.soma.0.6851851851851851: 0.016917
PV_34_3.soma.0.9074074074074073: 0.017764
PV_34_30.soma.0.5: 0.020052
PV_34_31.soma.0.7592592592592592: 0.017034
PV_34_32.soma.0.5740740740740741: 0.018832
PV_34_33.soma.0.9814814814814814: 0.018170
PV_34_35.soma.0.8333333333333333: 0.017306
PV_34_36.soma.0.24074074074074073: 0.020493
PV_34_37.soma.0.4629629629629629: 0.021009
PV_34_38.soma.0.12962962962962962: 0.019738
PV_34_4.soma.0.8703703703703703: 0.017579
PV_34_5.soma.0.9074074074074073: 0.017713
PV_34_6.soma.0.7962962962962963: 0.017213
PV_34_7.soma.0.9814814814814814: 0.017986
PV_34_8.soma.0.31481481481481477: 0.021373
PV_34_9.soma.0.38888888888888884: 0.021753
