Time: 20.000000000000306; Period: Before stimulation
PT_11_20.Adend1.0.14210526315789473: 0.001051
PT_11_20.Adend2.0.26842105263157895: 0.001075
PT_11_20.Adend3.0.3666666666666667: 0.000944
PT_11_20.Bdend.0.1280701754385965: 0.006478
PT_11_21.Adend1.0.04736842105263158: 0.253736
PT_11_21.Adend2.0.9421052631578948: 0.235133
PT_11_21.Adend3.0.4192982456140351: 0.037920
PT_11_21.Bdend.0.987719298245614: 0.178688
PT_11_22.Adend1.0.1: 0.002774
PT_11_22.Adend2.0.9842105263157894: 15.000000
PT_11_22.Adend3.0.980701754385965: 0.003960
PT_11_22.Bdend.0.24736842105263157: 15.000000
PT_11_23.Adend1.0.4052631578947368: 0.003995
PT_11_23.Adend2.0.5877192982456141: 0.001361
PT_11_23.Adend3.0.7456140350877193: 0.003489
PT_11_23.Bdend.0.2578947368421053: 0.014773
PT_11_24.Adend1.0.7842105263157895: 0.000874
PT_11_24.Adend2.0.49298245614035086: 0.000608
PT_11_24.Adend3.0.24736842105263157: 0.000616
PT_11_24.Bdend.0.8824561403508772: 0.000721
PT_11_25.Adend1.0.6789473684210526: 0.001525
PT_11_25.Adend2.0.6228070175438597: 0.004900
PT_11_25.Adend3.0.8157894736842105: 0.000724
PT_11_25.Bdend.0.14210526315789473: 0.000746
PT_11_26.Adend1.0.6824561403508772: 0.000706
PT_11_26.Adend2.0.14912280701754385: 0.001147
PT_11_26.Adend3.0.8403508771929825: 0.000801
PT_11_26.Bdend.0.32105263157894737: 0.001885
PT_11_27.Adend1.0.24385964912280703: 0.002183
PT_11_27.Adend2.0.015789473684210527: 0.003214
PT_11_27.Adend3.0.7035087719298245: 0.002367
PT_11_27.Bdend.0.41228070175438597: 0.002511
PT_11_28.Adend1.0.41228070175438597: 0.659502
PT_11_28.Adend2.0.8614035087719298: 8.245233
PT_11_28.Adend3.0.8614035087719298: 14.631379
PT_11_28.Bdend.0.24385964912280703: 14.776479
PT_11_29.Adend1.0.15263157894736842: 0.001126
PT_11_29.Adend2.0.4263157894736842: 0.001287
PT_11_29.Adend3.0.30350877192982456: 0.001638
PT_11_29.Bdend.0.7947368421052632: 0.001106
PT_11_30.soma.0.7604166666666666: 0.003155
PT_11_31.soma.0.7395833333333333: 0.003147
PT_11_32.soma.0.19791666666666666: 0.003079
PT_11_33.soma.0.8645833333333333: 0.003229
PT_11_34.soma.0.3229166666666667: 0.003085
PT_11_35.soma.0.3854166666666667: 0.003130
PT_11_36.soma.0.010416666666666666: 0.003076
PT_11_37.soma.0.34375: 0.003111
PT_11_38.soma.0.8854166666666666: 0.003247
PT_11_39.soma.0.03125: 0.003079
PV_31_0.soma.0.2037037037037037: 0.009920
PV_31_1.soma.0.537037037037037: 0.012629
PV_31_10.soma.0.5740740740740741: 0.013165
PV_31_11.soma.0.31481481481481477: 0.010802
PV_31_12.soma.0.8703703703703703: 0.014675
PV_31_13.soma.0.7222222222222222: 0.014321
PV_31_14.soma.0.7592592592592592: 0.014420
PV_31_15.soma.0.611111111111111: 0.013507
PV_31_16.soma.0.2777777777777778: 0.010530
PV_31_17.soma.0.24074074074074073: 0.010235
PV_31_18.soma.0.12962962962962962: 0.009484
PV_31_19.soma.0.38888888888888884: 0.011269
PV_31_2.soma.0.018518518518518517: 0.009846
PV_31_20.soma.0.2037037037037037: 0.009945
PV_31_21.soma.0.5: 0.012246
PV_31_22.soma.0.9074074074074073: 0.014530
PV_31_23.soma.0.9444444444444444: 0.014434
PV_31_24.soma.0.16666666666666666: 0.009715
PV_31_25.soma.0.42592592592592593: 0.011491
PV_31_26.soma.0.12962962962962962: 0.009490
PV_31_27.soma.0.5: 0.012148
PV_31_28.soma.0.9074074074074073: 0.014508
PV_31_3.soma.0.537037037037037: 0.012641
PV_31_30.soma.0.8333333333333333: 0.014527
PV_31_32.soma.0.05555555555555555: 0.009756
PV_31_33.soma.0.611111111111111: 0.013607
PV_31_34.soma.0.9074074074074073: 0.014583
PV_31_35.soma.0.8333333333333333: 0.014500
PV_31_36.soma.0.2777777777777778: 0.010545
PV_31_37.soma.0.6481481481481481: 0.013836
PV_31_38.soma.0.9814814814814814: 0.014421
PV_31_4.soma.0.09259259259259259: 0.009569
PV_31_5.soma.0.35185185185185186: 0.010932
PV_31_6.soma.0.4629629629629629: 0.011745
PV_31_7.soma.0.16666666666666666: 0.009611
PV_31_8.soma.0.2777777777777778: 0.010542
PV_31_9.soma.0.7962962962962963: 0.014517
