Time: 20.000000000000306; Period: Before stimulation
PT_17_20.Adend1.0.5385964912280702: 0.001236
PT_17_20.Adend2.0.5491228070175439: 0.001732
PT_17_20.Adend3.0.12105263157894737: 0.000964
PT_17_20.Bdend.0.4824561403508772: 0.001233
PT_17_21.Adend1.0.4192982456140351: 0.222915
PT_17_21.Adend2.0.8964912280701754: 0.320915
PT_17_21.Adend3.0.6052631578947368: 0.224069
PT_17_21.Bdend.0.17719298245614035: 0.334731
PT_17_22.Adend1.0.6578947368421053: 0.010281
PT_17_22.Adend2.0.7701754385964912: 15.000000
PT_17_22.Adend3.0.7912280701754386: 15.000000
PT_17_22.Bdend.0.6719298245614035: 13.779433
PT_17_23.Adend1.0.531578947368421: 0.005360
PT_17_23.Adend2.0.7596491228070176: 0.031863
PT_17_23.Adend3.0.5982456140350877: 0.002975
PT_17_23.Bdend.0.7456140350877193: 0.001873
PT_17_24.Adend1.0.22280701754385965: 0.000741
PT_17_24.Adend2.0.9526315789473684: 0.000741
PT_17_24.Adend3.0.3105263157894737: 0.001433
PT_17_24.Bdend.0.3842105263157895: 0.000715
PT_17_25.Adend1.0.43333333333333335: 0.000897
PT_17_25.Adend2.0.21578947368421053: 0.001601
PT_17_25.Adend3.0.2614035087719298: 0.001300
PT_17_25.Bdend.0.5350877192982456: 0.001059
PT_17_26.Adend1.0.21578947368421053: 0.000759
PT_17_26.Adend2.0.5561403508771929: 0.000624
PT_17_26.Adend3.0.9947368421052631: 0.000632
PT_17_26.Bdend.0.531578947368421: 0.000661
PT_17_27.Adend1.0.8087719298245614: 0.002312
PT_17_27.Adend2.0.7421052631578947: 0.007033
PT_17_27.Adend3.0.5526315789473685: 0.002339
PT_17_27.Bdend.0.19473684210526315: 0.004013
PT_17_28.Adend1.0.14912280701754385: 14.029453
PT_17_28.Adend2.0.04035087719298246: 14.544460
PT_17_28.Adend3.0.1: 11.003991
PT_17_28.Bdend.0.13508771929824562: 12.246412
PT_17_29.Adend1.0.022807017543859647: 0.001092
PT_17_29.Adend2.0.6473684210526316: 0.001192
PT_17_29.Adend3.0.643859649122807: 0.000892
PT_17_29.Bdend.0.7666666666666667: 0.001300
PT_17_30.soma.0.8229166666666666: 0.003611
PT_17_31.soma.0.15625: 0.002913
PT_17_32.soma.0.8020833333333333: 0.003596
PT_17_33.soma.0.5729166666666666: 0.003506
PT_17_34.soma.0.07291666666666667: 0.002844
PT_17_35.soma.0.30208333333333337: 0.003114
PT_17_36.soma.0.3229166666666667: 0.003150
PT_17_37.soma.0.34375: 0.003187
PT_17_38.soma.0.96875: 0.003736
PT_17_39.soma.0.17708333333333331: 0.002937
PV_37_0.soma.0.2777777777777778: 0.012649
PV_37_1.soma.0.2037037037037037: 0.011731
PV_37_10.soma.0.8703703703703703: 0.013854
PV_37_11.soma.0.16666666666666666: 0.011381
PV_37_12.soma.0.611111111111111: 0.015377
PV_37_13.soma.0.8333333333333333: 0.014241
PV_37_14.soma.0.8333333333333333: 0.014160
PV_37_15.soma.0.09259259259259259: 0.010436
PV_37_16.soma.0.4629629629629629: 0.014810
PV_37_17.soma.0.9074074074074073: 0.013454
PV_37_18.soma.0.6851851851851851: 0.015220
PV_37_19.soma.0.9444444444444444: 0.012842
PV_37_2.soma.0.35185185185185186: 0.013721
PV_37_20.soma.0.9814814814814814: 0.012308
PV_37_21.soma.0.12962962962962962: 0.010916
PV_37_22.soma.0.35185185185185186: 0.013702
PV_37_23.soma.0.31481481481481477: 0.013141
PV_37_24.soma.0.24074074074074073: 0.012238
PV_37_25.soma.0.537037037037037: 0.014948
PV_37_26.soma.0.018518518518518517: 0.009814
PV_37_27.soma.0.7592592592592592: 0.014756
PV_37_28.soma.0.9814814814814814: 0.012272
PV_37_3.soma.0.6481481481481481: 0.015250
PV_37_30.soma.0.38888888888888884: 0.013998
PV_37_31.soma.0.7962962962962963: 0.014508
PV_37_32.soma.0.5: 0.014956
PV_37_33.soma.0.38888888888888884: 0.014102
PV_37_34.soma.0.35185185185185186: 0.013617
PV_37_35.soma.0.4629629629629629: 0.014857
PV_37_36.soma.0.5740740740740741: 0.015201
PV_37_38.soma.0.4629629629629629: 0.014827
PV_37_4.soma.0.42592592592592593: 0.014385
PV_37_5.soma.0.09259259259259259: 0.010400
PV_37_6.soma.0.9814814814814814: 0.012304
PV_37_7.soma.0.05555555555555555: 0.010084
PV_37_8.soma.0.38888888888888884: 0.014055
PV_37_9.soma.0.611111111111111: 0.015289
