Time: 20.000000000000306; Period: Before stimulation
PT_0_20.Adend1.0.15964912280701754: 0.001102
PT_0_20.Adend2.0.05087719298245614: 0.001831
PT_0_20.Adend3.0.9631578947368421: 0.001214
PT_0_20.Bdend.0.2789473684210526: 0.002149
PT_0_21.Adend1.0.7947368421052632: 0.000694
PT_0_21.Adend2.0.156140350877193: 0.002541
PT_0_21.Adend3.0.4192982456140351: 0.000936
PT_0_21.Bdend.0.7666666666666667: 0.000868
PT_0_22.Adend1.0.5280701754385965: 15.000000
PT_0_22.Adend2.0.9982456140350877: 14.705875
PT_0_22.Adend3.0.1: 14.639777
PT_0_22.Bdend.0.5982456140350877: 14.927180
PT_0_23.Adend1.0.9210526315789473: 0.003997
PT_0_23.Adend2.0.9035087719298246: 0.148407
PT_0_23.Adend3.0.5912280701754385: 0.003075
PT_0_23.Bdend.0.4789473684210526: 0.004004
PT_0_24.Adend1.0.07543859649122807: 0.003693
PT_0_24.Adend2.0.5561403508771929: 0.001376
PT_0_24.Adend3.0.9175438596491228: 0.001925
PT_0_24.Bdend.0.3105263157894737: 0.002538
PT_0_25.Adend1.0.015789473684210527: 0.000835
PT_0_25.Adend2.0.23333333333333334: 0.000687
PT_0_25.Adend3.0.3175438596491228: 0.000758
PT_0_25.Bdend.0.07192982456140351: 0.000719
PT_0_26.Adend1.0.49298245614035086: 1.642292
PT_0_26.Adend2.0.3175438596491228: 0.171141
PT_0_26.Adend3.0.4263157894736842: 0.209849
PT_0_26.Bdend.0.2368421052631579: 0.078991
PT_0_27.Adend1.0.39824561403508774: 0.001382
PT_0_27.Adend2.0.9350877192982456: 0.012314
PT_0_27.Adend3.0.4614035087719298: 0.002491
PT_0_27.Bdend.0.24035087719298245: 0.008128
PT_0_28.Adend1.0.11403508771929825: 0.032038
PT_0_28.Adend2.0.21228070175438596: 0.037072
PT_0_28.Adend3.0.03333333333333333: 0.028553
PT_0_28.Bdend.0.22631578947368422: 0.188113
PT_0_29.Adend1.0.21578947368421053: 0.003090
PT_0_29.Adend2.0.7421052631578947: 2.599907
PT_0_29.Adend3.0.612280701754386: 0.002761
PT_0_29.Bdend.0.2754385964912281: 0.003124
PT_0_30.soma.0.5104166666666666: 0.002033
PT_0_31.soma.0.53125: 0.002016
PT_0_32.soma.0.21875: 0.002003
PT_0_33.soma.0.7395833333333333: 0.001920
PT_0_34.soma.0.8854166666666666: 0.001971
PT_0_35.soma.0.09375: 0.001992
PT_0_36.soma.0.05208333333333333: 0.001991
PT_0_37.soma.0.9270833333333333: 0.001999
PT_0_38.soma.0.3229166666666667: 0.002008
PT_0_39.soma.0.9479166666666666: 0.002000
SOM_20_0.soma.0.08333333333333333: 7.956536
SOM_20_1.soma.0.6071428571428571: 0.006275
SOM_20_10.soma.0.7023809523809523: 0.005483
SOM_20_11.soma.0.8928571428571428: 0.004539
SOM_20_12.soma.0.17857142857142855: 0.385717
SOM_20_13.soma.0.15476190476190477: 1.659310
SOM_20_14.soma.0.7976190476190476: 0.005002
SOM_20_15.soma.0.03571428571428571: 10.586065
SOM_20_16.soma.0.6785714285714285: 0.005638
SOM_20_17.soma.0.7738095238095237: 0.005123
SOM_20_18.soma.0.13095238095238093: 3.430549
SOM_20_19.soma.0.05952380952380952: 10.307710
SOM_20_2.soma.0.5357142857142857: 0.007630
SOM_20_21.soma.0.5595238095238095: 0.006970
SOM_20_22.soma.0.27380952380952384: 0.016976
SOM_20_23.soma.0.7261904761904762: 0.005366
SOM_20_24.soma.0.9642857142857142: 0.004454
SOM_20_25.soma.0.869047619047619: 0.004553
SOM_20_26.soma.0.22619047619047616: 0.020215
SOM_20_27.soma.0.4642857142857143: 0.009327
SOM_20_28.soma.0.44047619047619047: 0.010270
SOM_20_3.soma.0.39285714285714285: 0.011999
SOM_20_30.soma.0.10714285714285714: 5.145486
SOM_20_31.soma.0.9166666666666666: 0.004492
SOM_20_32.soma.0.5833333333333333: 0.006594
SOM_20_33.soma.0.6547619047619048: 0.005780
SOM_20_34.soma.0.988095238095238: 0.004464
SOM_20_35.soma.0.6309523809523809: 0.005995
SOM_20_36.soma.0.8452380952380952: 0.004701
SOM_20_37.soma.0.34523809523809523: 0.013884
SOM_20_38.soma.0.36904761904761907: 0.012913
SOM_20_4.soma.0.4880952380952381: 0.008754
SOM_20_5.soma.0.32142857142857145: 0.014686
SOM_20_6.soma.0.2976190476190476: 0.015864
SOM_20_7.soma.0.4166666666666667: 0.010963
SOM_20_8.soma.0.8214285714285714: 0.004885
SOM_20_9.soma.0.9404761904761905: 0.004476
