Time: 20.000000000000306; Period: Before stimulation
PT_16_20.Adend1.0.05087719298245614: 0.001309
PT_16_20.Adend2.0.7842105263157895: 0.001204
PT_16_20.Adend3.0.643859649122807: 0.001118
PT_16_20.Bdend.0.09649122807017545: 0.002120
PT_16_21.Adend1.0.7385964912280701: 0.001227
PT_16_21.Adend2.0.643859649122807: 0.000773
PT_16_21.Adend3.0.531578947368421: 0.000726
PT_16_21.Bdend.0.35964912280701755: 0.000946
PT_16_22.Adend1.0.1280701754385965: 12.536090
PT_16_22.Adend2.0.9701754385964912: 0.203929
PT_16_22.Adend3.0.6192982456140351: 15.000000
PT_16_22.Bdend.0.9070175438596492: 15.000000
PT_16_23.Adend1.0.15964912280701754: 0.093837
PT_16_23.Adend2.0.724561403508772: 0.005090
PT_16_23.Adend3.0.3631578947368421: 0.061911
PT_16_23.Bdend.0.46842105263157896: 0.007056
PT_16_24.Adend1.0.2964912280701754: 0.001381
PT_16_24.Adend2.0.9736842105263158: 0.002545
PT_16_24.Adend3.0.0824561403508772: 0.001634
PT_16_24.Bdend.0.4052631578947368: 0.004273
PT_16_25.Adend1.0.7912280701754386: 0.000905
PT_16_25.Adend2.0.1842105263157895: 0.000711
PT_16_25.Adend3.0.26842105263157895: 0.000889
PT_16_25.Bdend.0.008771929824561403: 0.000841
PT_16_26.Adend1.0.43333333333333335: 0.997795
PT_16_26.Adend2.0.5140350877192983: 0.154566
PT_16_26.Adend3.0.5456140350877193: 0.174312
PT_16_26.Bdend.0.2614035087719298: 0.412814
PT_16_27.Adend1.0.7982456140350878: 0.001177
PT_16_27.Adend2.0.8263157894736842: 0.001328
PT_16_27.Adend3.0.8403508771929825: 0.016916
PT_16_27.Bdend.0.39473684210526316: 0.126738
PT_16_28.Adend1.0.08947368421052632: 0.049203
PT_16_28.Adend2.0.9105263157894737: 0.284266
PT_16_28.Adend3.0.8789473684210526: 0.072543
PT_16_28.Bdend.0.8298245614035088: 0.040767
PT_16_29.Adend1.0.07894736842105264: 0.002828
PT_16_29.Adend2.0.9385964912280702: 0.038727
PT_16_29.Adend3.0.4824561403508772: 0.002854
PT_16_29.Bdend.0.3842105263157895: 0.003819
PT_16_30.soma.0.28125: 0.003969
PT_16_31.soma.0.53125: 0.004326
PT_16_32.soma.0.40625: 0.004141
PT_16_33.soma.0.21875: 0.003917
PT_16_34.soma.0.9270833333333333: 0.004530
PT_16_35.soma.0.8645833333333333: 0.004489
PT_16_36.soma.0.96875: 0.004568
PT_16_37.soma.0.8854166666666666: 0.004520
PT_16_38.soma.0.2604166666666667: 0.003944
PT_16_39.soma.0.34375: 0.004049
PV_36_0.soma.0.9814814814814814: 0.004983
PV_36_1.soma.0.4629629629629629: 0.007872
PV_36_10.soma.0.31481481481481477: 0.007790
PV_36_11.soma.0.537037037037037: 0.007684
PV_36_12.soma.0.9074074074074073: 0.005394
PV_36_13.soma.0.5740740740740741: 0.007560
PV_36_14.soma.0.6851851851851851: 0.006642
PV_36_15.soma.0.9814814814814814: 0.004996
PV_36_16.soma.0.24074074074074073: 0.007451
PV_36_17.soma.0.16666666666666666: 0.007089
PV_36_18.soma.0.8333333333333333: 0.005754
PV_36_19.soma.0.38888888888888884: 0.007920
PV_36_2.soma.0.611111111111111: 0.007432
PV_36_20.soma.0.9444444444444444: 0.005111
PV_36_21.soma.0.7222222222222222: 0.006314
PV_36_22.soma.0.42592592592592593: 0.007902
PV_36_23.soma.0.5: 0.007775
PV_36_24.soma.0.018518518518518517: 0.007053
PV_36_25.soma.0.8703703703703703: 0.005549
PV_36_26.soma.0.09259259259259259: 0.007051
PV_36_27.soma.0.12962962962962962: 0.007019
PV_36_28.soma.0.31481481481481477: 0.007833
PV_36_3.soma.0.8703703703703703: 0.005540
PV_36_30.soma.0.24074074074074073: 0.007432
PV_36_31.soma.0.2777777777777778: 0.007608
PV_36_32.soma.0.2037037037037037: 0.007265
PV_36_33.soma.0.9814814814814814: 0.005017
PV_36_34.soma.0.09259259259259259: 0.007025
PV_36_35.soma.0.611111111111111: 0.007396
PV_36_37.soma.0.8703703703703703: 0.005544
PV_36_38.soma.0.35185185185185186: 0.007863
PV_36_4.soma.0.6851851851851851: 0.006662
PV_36_5.soma.0.7962962962962963: 0.005929
PV_36_6.soma.0.7592592592592592: 0.006130
PV_36_7.soma.0.6481481481481481: 0.007023
PV_36_8.soma.0.24074074074074073: 0.007454
PV_36_9.soma.0.5: 0.007719
