Time: 20.000000000000306; Period: Before stimulation
PT_19_20.Adend1.0.6228070175438597: 0.001236
PT_19_20.Adend2.0.8333333333333334: 0.001394
PT_19_20.Adend3.0.6368421052631579: 0.001088
PT_19_20.Bdend.0.4087719298245614: 0.001766
PT_19_21.Adend1.0.41578947368421054: 0.003361
PT_19_21.Adend2.0.04736842105263158: 0.001431
PT_19_21.Adend3.0.18070175438596492: 0.001319
PT_19_21.Bdend.0.3: 0.000944
PT_19_22.Adend1.0.8894736842105263: 14.997715
PT_19_22.Adend2.0.18771929824561404: 15.000000
PT_19_22.Adend3.0.17719298245614035: 0.024364
PT_19_22.Bdend.0.3842105263157895: 9.677402
PT_19_23.Adend1.0.643859649122807: 0.003540
PT_19_23.Adend2.0.1280701754385965: 0.008916
PT_19_23.Adend3.0.8964912280701754: 0.010198
PT_19_23.Bdend.0.3666666666666667: 0.002816
PT_19_24.Adend1.0.019298245614035085: 0.001410
PT_19_24.Adend2.0.5456140350877193: 0.005193
PT_19_24.Adend3.0.15263157894736842: 0.001588
PT_19_24.Bdend.0.49298245614035086: 0.003494
PT_19_25.Adend1.0.13157894736842105: 0.000746
PT_19_25.Adend2.0.08596491228070176: 0.000736
PT_19_25.Adend3.0.008771929824561403: 0.000714
PT_19_25.Bdend.0.3526315789473684: 0.000953
PT_19_26.Adend1.0.9210526315789473: 0.656564
PT_19_26.Adend2.0.5: 2.349522
PT_19_26.Adend3.0.6578947368421053: 0.530188
PT_19_26.Bdend.0.0649122807017544: 0.306460
PT_19_27.Adend1.0.9070175438596492: 0.001448
PT_19_27.Adend2.0.26842105263157895: 0.032046
PT_19_27.Adend3.0.8157894736842105: 0.004879
PT_19_27.Bdend.0.868421052631579: 0.001542
PT_19_28.Adend1.0.8122807017543859: 0.055088
PT_19_28.Adend2.0.04035087719298246: 0.049092
PT_19_28.Adend3.0.2368421052631579: 0.008423
PT_19_28.Bdend.0.9070175438596492: 0.052344
PT_19_29.Adend1.0.980701754385965: 0.579668
PT_19_29.Adend2.0.8473684210526315: 0.005212
PT_19_29.Adend3.0.5526315789473685: 0.003219
PT_19_29.Bdend.0.15263157894736842: 0.002831
PT_19_30.soma.0.8645833333333333: 0.004152
PT_19_31.soma.0.5520833333333333: 0.004138
PT_19_32.soma.0.4479166666666667: 0.004138
PT_19_33.soma.0.53125: 0.004133
PT_19_34.soma.0.28125: 0.004068
PT_19_35.soma.0.6770833333333333: 0.004132
PT_19_36.soma.0.07291666666666667: 0.003967
PT_19_37.soma.0.30208333333333337: 0.004079
PT_19_38.soma.0.7604166666666666: 0.004121
PT_19_39.soma.0.2604166666666667: 0.004055
PV_39_0.soma.0.611111111111111: 0.002810
PV_39_1.soma.0.6851851851851851: 0.003007
PV_39_10.soma.0.9074074074074073: 0.003532
PV_39_11.soma.0.5: 0.002652
PV_39_12.soma.0.5740740740740741: 0.002763
PV_39_13.soma.0.4629629629629629: 0.002613
PV_39_14.soma.0.09259259259259259: 0.002171
PV_39_15.soma.0.018518518518518517: 0.002181
PV_39_16.soma.0.05555555555555555: 0.002174
PV_39_17.soma.0.7592592592592592: 0.003216
PV_39_18.soma.0.8333333333333333: 0.003372
PV_39_19.soma.0.5740740740740741: 0.002753
PV_39_2.soma.0.2777777777777778: 0.002401
PV_39_20.soma.0.42592592592592593: 0.002555
PV_39_21.soma.0.6481481481481481: 0.002870
PV_39_22.soma.0.5: 0.002658
PV_39_23.soma.0.16666666666666666: 0.002212
PV_39_24.soma.0.2777777777777778: 0.002409
PV_39_25.soma.0.12962962962962962: 0.002159
PV_39_26.soma.0.38888888888888884: 0.002543
PV_39_27.soma.0.537037037037037: 0.002702
PV_39_28.soma.0.2037037037037037: 0.002276
PV_39_3.soma.0.35185185185185186: 0.002519
PV_39_30.soma.0.05555555555555555: 0.002163
PV_39_31.soma.0.8333333333333333: 0.003384
PV_39_32.soma.0.38888888888888884: 0.002539
PV_39_33.soma.0.8703703703703703: 0.003443
PV_39_34.soma.0.8703703703703703: 0.003435
PV_39_35.soma.0.7962962962962963: 0.003293
PV_39_36.soma.0.38888888888888884: 0.002541
PV_39_37.soma.0.9814814814814814: 0.003554
PV_39_38.soma.0.4629629629629629: 0.002620
PV_39_4.soma.0.9074074074074073: 0.003544
PV_39_5.soma.0.31481481481481477: 0.002470
PV_39_6.soma.0.35185185185185186: 0.002527
PV_39_7.soma.0.24074074074074073: 0.002340
PV_39_8.soma.0.7222222222222222: 0.003143
PV_39_9.soma.0.9444444444444444: 0.003537
