Time: 20.000000000000306; Period: Before stimulation
PT_12_20.Adend1.0.5140350877192983: 0.001378
PT_12_20.Adend2.0.15964912280701754: 0.001385
PT_12_20.Adend3.0.5877192982456141: 0.001745
PT_12_20.Bdend.0.756140350877193: 0.001692
PT_12_21.Adend1.0.6192982456140351: 0.000929
PT_12_21.Adend2.0.9140350877192982: 0.000708
PT_12_21.Adend3.0.5736842105263158: 0.000661
PT_12_21.Bdend.0.2964912280701754: 0.000960
PT_12_22.Adend1.0.47543859649122805: 1.860536
PT_12_22.Adend2.0.7175438596491228: 14.999624
PT_12_22.Adend3.0.4789473684210526: 15.000000
PT_12_22.Bdend.0.26842105263157895: 1.309469
PT_12_23.Adend1.0.2789473684210526: 0.207395
PT_12_23.Adend2.0.3140350877192983: 0.005264
PT_12_23.Adend3.0.5070175438596491: 0.003541
PT_12_23.Bdend.0.11754385964912281: 0.006901
PT_12_24.Adend1.0.1280701754385965: 0.002812
PT_12_24.Adend2.0.8719298245614036: 0.002105
PT_12_24.Adend3.0.19473684210526315: 0.004920
PT_12_24.Bdend.0.9596491228070175: 0.001433
PT_12_25.Adend1.0.8473684210526315: 0.000856
PT_12_25.Adend2.0.48596491228070177: 0.000714
PT_12_25.Adend3.0.10701754385964912: 0.000848
PT_12_25.Bdend.0.1631578947368421: 0.000760
PT_12_26.Adend1.0.4789473684210526: 0.387402
PT_12_26.Adend2.0.30701754385964913: 0.460426
PT_12_26.Adend3.0.9771929824561404: 0.956032
PT_12_26.Bdend.0.3736842105263158: 0.632427
PT_12_27.Adend1.0.6894736842105263: 0.014291
PT_12_27.Adend2.0.41228070175438597: 0.006509
PT_12_27.Adend3.0.022807017543859647: 0.001721
PT_12_27.Bdend.0.005263157894736842: 0.017264
PT_12_28.Adend1.0.8473684210526315: 0.000856
PT_12_28.Adend2.0.9070175438596492: 0.109566
PT_12_28.Adend3.0.5140350877192983: 0.077807
PT_12_28.Bdend.0.2754385964912281: 0.053812
PT_12_29.Adend1.0.4649122807017544: 0.008964
PT_12_29.Adend2.0.8719298245614036: 0.002102
PT_12_29.Adend3.0.30701754385964913: 0.003051
PT_12_29.Bdend.0.9526315789473684: 0.002639
PT_12_30.soma.0.2604166666666667: 0.007240
PT_12_31.soma.0.6770833333333333: 0.007837
PT_12_32.soma.0.15625: 0.007220
PT_12_33.soma.0.53125: 0.007550
PT_12_34.soma.0.59375: 0.007624
PT_12_35.soma.0.23958333333333331: 0.007204
PT_12_36.soma.0.34375: 0.007261
PT_12_37.soma.0.9270833333333333: 0.008374
PT_12_38.soma.0.36458333333333337: 0.007304
PT_12_39.soma.0.19791666666666666: 0.007228
PV_32_0.soma.0.2777777777777778: 0.003449
PV_32_1.soma.0.9074074074074073: 0.003228
PV_32_10.soma.0.6851851851851851: 0.002986
PV_32_11.soma.0.8703703703703703: 0.003199
PV_32_12.soma.0.9444444444444444: 0.003239
PV_32_13.soma.0.018518518518518517: 0.003976
PV_32_14.soma.0.24074074074074073: 0.003585
PV_32_15.soma.0.09259259259259259: 0.003956
PV_32_16.soma.0.9814814814814814: 0.003247
PV_32_17.soma.0.8333333333333333: 0.003157
PV_32_18.soma.0.38888888888888884: 0.003058
PV_32_19.soma.0.9074074074074073: 0.003224
PV_32_2.soma.0.16666666666666666: 0.003899
PV_32_20.soma.0.6481481481481481: 0.002903
PV_32_21.soma.0.5740740740740741: 0.002767
PV_32_22.soma.0.09259259259259259: 0.003945
PV_32_23.soma.0.9444444444444444: 0.003246
PV_32_24.soma.0.05555555555555555: 0.003980
PV_32_25.soma.0.5: 0.002737
PV_32_26.soma.0.42592592592592593: 0.002945
PV_32_27.soma.0.7592592592592592: 0.003086
PV_32_28.soma.0.611111111111111: 0.002834
PV_32_3.soma.0.7222222222222222: 0.003058
PV_32_30.soma.0.537037037037037: 0.002741
PV_32_31.soma.0.24074074074074073: 0.003587
PV_32_33.soma.0.35185185185185186: 0.003169
PV_32_34.soma.0.31481481481481477: 0.003332
PV_32_35.soma.0.5740740740740741: 0.002752
PV_32_36.soma.0.35185185185185186: 0.003161
PV_32_37.soma.0.2037037037037037: 0.003739
PV_32_38.soma.0.35185185185185186: 0.003167
PV_32_4.soma.0.16666666666666666: 0.003888
PV_32_5.soma.0.7962962962962963: 0.003111
PV_32_6.soma.0.24074074074074073: 0.003587
PV_32_7.soma.0.2777777777777778: 0.003443
PV_32_8.soma.0.12962962962962962: 0.003927
PV_32_9.soma.0.31481481481481477: 0.003302
