Time: 20.000000000000306; Period: Before stimulation
PT_4_20.Adend1.0.9666666666666667: 0.001206
PT_4_20.Adend2.0.2789473684210526: 0.001214
PT_4_20.Adend3.0.32105263157894737: 0.001285
PT_4_20.Bdend.0.2824561403508772: 0.001389
PT_4_21.Adend1.0.5947368421052631: 0.000829
PT_4_21.Adend2.0.2649122807017544: 0.000548
PT_4_21.Adend3.0.15964912280701754: 0.000865
PT_4_21.Bdend.0.9385964912280702: 0.000988
PT_4_22.Adend1.0.8964912280701754: 15.000000
PT_4_22.Adend2.0.8824561403508772: 15.000000
PT_4_22.Adend3.0.08596491228070176: 15.000000
PT_4_22.Bdend.0.9982456140350877: 15.000000
PT_4_23.Adend1.0.5175438596491229: 0.156018
PT_4_23.Adend2.0.2824561403508772: 0.010232
PT_4_23.Adend3.0.5561403508771929: 0.002739
PT_4_23.Bdend.0.13157894736842105: 0.014138
PT_4_24.Adend1.0.04736842105263158: 0.002017
PT_4_24.Adend2.0.8403508771929825: 0.001833
PT_4_24.Adend3.0.6017543859649123: 0.002067
PT_4_24.Bdend.0.4368421052631579: 0.002296
PT_4_25.Adend1.0.443859649122807: 0.000848
PT_4_25.Adend2.0.2649122807017544: 0.000548
PT_4_25.Adend3.0.6754385964912281: 0.000780
PT_4_25.Bdend.0.45789473684210524: 0.000922
PT_4_26.Adend1.0.18070175438596492: 1.671736
PT_4_26.Adend2.0.5842105263157895: 0.444105
PT_4_26.Adend3.0.3491228070175439: 1.573787
PT_4_26.Bdend.0.1385964912280702: 0.193235
PT_4_27.Adend1.0.4192982456140351: 0.028698
PT_4_27.Adend2.0.9421052631578948: 0.049747
PT_4_27.Adend3.0.8578947368421053: 0.001533
PT_4_27.Bdend.0.5561403508771929: 0.012797
PT_4_28.Adend1.0.724561403508772: 0.046383
PT_4_28.Adend2.0.6298245614035087: 0.028983
PT_4_28.Adend3.0.5701754385964912: 0.122233
PT_4_28.Bdend.0.7526315789473684: 0.148829
PT_4_29.Adend1.0.6333333333333333: 0.002713
PT_4_29.Adend2.0.48596491228070177: 0.008841
PT_4_29.Adend3.0.5947368421052631: 0.002571
PT_4_29.Bdend.0.6929824561403509: 0.003140
PT_4_30.soma.0.05208333333333333: 0.006199
PT_4_31.soma.0.96875: 0.005595
PT_4_32.soma.0.4479166666666667: 0.006370
PT_4_33.soma.0.8645833333333333: 0.005482
PT_4_34.soma.0.30208333333333337: 0.006273
PT_4_35.soma.0.40625: 0.006154
PT_4_36.soma.0.59375: 0.006111
PT_4_37.soma.0.28125: 0.006291
PT_4_38.soma.0.9895833333333333: 0.005612
PT_4_39.soma.0.90625: 0.005520
SOM_24_0.soma.0.20238095238095238: 0.003091
SOM_24_1.soma.0.9642857142857142: 0.003091
SOM_24_10.soma.0.36904761904761907: 0.003069
SOM_24_11.soma.0.25: 0.003098
SOM_24_12.soma.0.6071428571428571: 0.003103
SOM_24_13.soma.0.08333333333333333: 0.003107
SOM_24_14.soma.0.5595238095238095: 0.003078
SOM_24_15.soma.0.8214285714285714: 0.003094
SOM_24_16.soma.0.9166666666666666: 0.003073
SOM_24_17.soma.0.15476190476190477: 0.003102
SOM_24_18.soma.0.988095238095238: 0.003094
SOM_24_19.soma.0.13095238095238093: 0.003103
SOM_24_2.soma.0.17857142857142855: 0.003105
SOM_24_20.soma.0.39285714285714285: 0.003073
SOM_24_21.soma.0.8928571428571428: 0.003065
SOM_24_22.soma.0.22619047619047616: 0.003086
SOM_24_23.soma.0.9404761904761905: 0.003080
SOM_24_25.soma.0.5119047619047619: 0.003068
SOM_24_26.soma.0.4880952380952381: 0.003061
SOM_24_27.soma.0.5833333333333333: 0.003096
SOM_24_28.soma.0.10714285714285714: 0.003101
SOM_24_3.soma.0.4642857142857143: 0.003069
SOM_24_30.soma.0.7261904761904762: 0.003107
SOM_24_31.soma.0.34523809523809523: 0.003070
SOM_24_32.soma.0.32142857142857145: 0.003070
SOM_24_33.soma.0.27380952380952384: 0.003078
SOM_24_34.soma.0.4166666666666667: 0.003088
SOM_24_35.soma.0.75: 0.003096
SOM_24_36.soma.0.05952380952380952: 0.003098
SOM_24_37.soma.0.03571428571428571: 0.003109
SOM_24_38.soma.0.6309523809523809: 0.003109
SOM_24_4.soma.0.7738095238095237: 0.003098
SOM_24_5.soma.0.8452380952380952: 0.003063
SOM_24_6.soma.0.6785714285714285: 0.003110
SOM_24_7.soma.0.5357142857142857: 0.003059
SOM_24_8.soma.0.7023809523809523: 0.003103
SOM_24_9.soma.0.6547619047619048: 0.003093
