Time: 20.000000000000306; Period: Before stimulation
PT_13_20.Adend1.0.2649122807017544: 0.002195
PT_13_20.Adend2.0.5105263157894737: 0.001519
PT_13_20.Adend3.0.9456140350877194: 0.001503
PT_13_20.Bdend.0.4192982456140351: 0.001269
PT_13_21.Adend1.0.8543859649122807: 0.000821
PT_13_21.Adend2.0.9982456140350877: 0.001559
PT_13_21.Adend3.0.48596491228070177: 0.001460
PT_13_21.Bdend.0.4824561403508772: 0.000828
PT_13_22.Adend1.0.2649122807017544: 0.002194
PT_13_22.Adend2.0.043859649122807015: 15.000000
PT_13_22.Adend3.0.9982456140350877: 15.000000
PT_13_22.Bdend.0.5035087719298246: 13.795790
PT_13_23.Adend1.0.04736842105263158: 0.002938
PT_13_23.Adend2.0.43333333333333335: 0.002914
PT_13_23.Adend3.0.45087719298245615: 0.002645
PT_13_23.Bdend.0.08947368421052632: 0.005099
PT_13_24.Adend1.0.5035087719298246: 0.002011
PT_13_24.Adend2.0.008771929824561403: 0.003050
PT_13_24.Adend3.0.5877192982456141: 0.001953
PT_13_24.Bdend.0.6964912280701755: 0.004181
PT_13_25.Adend1.0.2017543859649123: 0.000769
PT_13_25.Adend2.0.8824561403508772: 0.000867
PT_13_25.Adend3.0.48947368421052634: 0.000738
PT_13_25.Bdend.0.6473684210526316: 0.000767
PT_13_26.Adend1.0.24385964912280703: 0.459463
PT_13_26.Adend2.0.9280701754385965: 0.248572
PT_13_26.Adend3.0.005263157894736842: 0.140121
PT_13_26.Bdend.0.2789473684210526: 0.091566
PT_13_27.Adend1.0.07192982456140351: 0.014464
PT_13_27.Adend2.0.5631578947368421: 0.010606
PT_13_27.Adend3.0.13508771929824562: 0.010122
PT_13_27.Bdend.0.41228070175438597: 0.001678
PT_13_28.Adend1.0.7666666666666667: 0.009555
PT_13_28.Adend2.0.843859649122807: 0.028826
PT_13_28.Adend3.0.0543859649122807: 0.050332
PT_13_28.Bdend.0.8333333333333334: 0.304692
PT_13_29.Adend1.0.41578947368421054: 0.003562
PT_13_29.Adend2.0.6649122807017543: 0.002713
PT_13_29.Adend3.0.3385964912280702: 0.004557
PT_13_29.Bdend.0.2824561403508772: 0.013287
PT_13_30.soma.0.5520833333333333: 0.004719
PT_13_31.soma.0.3229166666666667: 0.004231
PT_13_32.soma.0.05208333333333333: 0.004062
PT_13_33.soma.0.2604166666666667: 0.004127
PT_13_34.soma.0.17708333333333331: 0.004088
PT_13_35.soma.0.59375: 0.004746
PT_13_36.soma.0.3854166666666667: 0.004337
PT_13_37.soma.0.09375: 0.004077
PT_13_38.soma.0.07291666666666667: 0.004069
PT_13_39.soma.0.7604166666666666: 0.004986
PV_33_0.soma.0.8333333333333333: 0.009552
PV_33_1.soma.0.24074074074074073: 0.006975
PV_33_10.soma.0.6481481481481481: 0.008714
PV_33_11.soma.0.537037037037037: 0.008001
PV_33_12.soma.0.05555555555555555: 0.005777
PV_33_13.soma.0.2037037037037037: 0.006795
PV_33_14.soma.0.4629629629629629: 0.007583
PV_33_15.soma.0.35185185185185186: 0.007184
PV_33_16.soma.0.8703703703703703: 0.009601
PV_33_17.soma.0.42592592592592593: 0.007449
PV_33_18.soma.0.7222222222222222: 0.009183
PV_33_19.soma.0.2777777777777778: 0.007017
PV_33_2.soma.0.8703703703703703: 0.009628
PV_33_20.soma.0.12962962962962962: 0.006109
PV_33_21.soma.0.31481481481481477: 0.007045
PV_33_22.soma.0.09259259259259259: 0.005915
PV_33_23.soma.0.018518518518518517: 0.005782
PV_33_24.soma.0.9074074074074073: 0.009524
PV_33_25.soma.0.05555555555555555: 0.005789
PV_33_26.soma.0.38888888888888884: 0.007328
PV_33_27.soma.0.16666666666666666: 0.006413
PV_33_28.soma.0.7962962962962963: 0.009556
PV_33_3.soma.0.9444444444444444: 0.009533
PV_33_30.soma.0.9814814814814814: 0.009455
PV_33_31.soma.0.5740740740740741: 0.008208
PV_33_32.soma.0.611111111111111: 0.008476
PV_33_34.soma.0.35185185185185186: 0.007231
PV_33_35.soma.0.2777777777777778: 0.006996
PV_33_36.soma.0.5: 0.007719
PV_33_37.soma.0.31481481481481477: 0.007030
PV_33_38.soma.0.16666666666666666: 0.006413
PV_33_4.soma.0.7592592592592592: 0.009410
PV_33_5.soma.0.24074074074074073: 0.006938
PV_33_6.soma.0.7962962962962963: 0.009512
PV_33_7.soma.0.16666666666666666: 0.006394
PV_33_8.soma.0.2037037037037037: 0.006806
PV_33_9.soma.0.2037037037037037: 0.006758
