Time: 20.000000000000306; Period: Before stimulation
PT_3_20.Adend1.0.02631578947368421: 0.003904
PT_3_20.Adend2.0.09298245614035089: 0.001489
PT_3_20.Adend3.0.8754385964912281: 0.002159
PT_3_20.Bdend.0.19824561403508772: 0.001119
PT_3_21.Adend1.0.8087719298245614: 0.000954
PT_3_21.Adend2.0.3315789473684211: 0.001310
PT_3_21.Adend3.0.4649122807017544: 0.000629
PT_3_21.Bdend.0.5491228070175439: 0.000756
PT_3_22.Adend1.0.0017543859649122807: 0.016300
PT_3_22.Adend2.0.8929824561403509: 15.000000
PT_3_22.Adend3.0.387719298245614: 15.000000
PT_3_22.Bdend.0.1842105263157895: 4.004118
PT_3_23.Adend1.0.005263157894736842: 0.002923
PT_3_23.Adend2.0.5736842105263158: 0.002713
PT_3_23.Adend3.0.22631578947368422: 0.136284
PT_3_23.Bdend.0.5807017543859649: 0.004953
PT_3_24.Adend1.0.1912280701754386: 0.003071
PT_3_24.Adend2.0.9245614035087719: 0.002446
PT_3_24.Adend3.0.9385964912280702: 0.001758
PT_3_24.Bdend.0.7035087719298245: 0.001614
PT_3_25.Adend1.0.8754385964912281: 0.000729
PT_3_25.Adend2.0.07543859649122807: 0.000820
PT_3_25.Adend3.0.7070175438596491: 0.003850
PT_3_25.Bdend.0.45087719298245615: 0.000986
PT_3_26.Adend1.0.6017543859649123: 0.150576
PT_3_26.Adend2.0.18771929824561404: 0.319324
PT_3_26.Adend3.0.17719298245614035: 1.834454
PT_3_26.Bdend.0.22280701754385965: 0.620779
PT_3_27.Adend1.0.3175438596491228: 0.045079
PT_3_27.Adend2.0.7666666666666667: 0.006489
PT_3_27.Adend3.0.8228070175438597: 0.004387
PT_3_27.Bdend.0.6298245614035087: 0.114511
PT_3_28.Adend1.0.787719298245614: 0.024896
PT_3_28.Adend2.0.0017543859649122807: 0.026183
PT_3_28.Adend3.0.02631578947368421: 0.039645
PT_3_28.Bdend.0.47192982456140353: 0.035593
PT_3_29.Adend1.0.008771929824561403: 0.002970
PT_3_29.Adend2.0.03684210526315789: 0.004162
PT_3_29.Adend3.0.48947368421052634: 0.002788
PT_3_29.Bdend.0.7666666666666667: 0.004929
PT_3_30.soma.0.15625: 0.003715
PT_3_31.soma.0.6354166666666666: 0.003812
PT_3_32.soma.0.90625: 0.003940
PT_3_33.soma.0.48958333333333337: 0.003717
PT_3_34.soma.0.3854166666666667: 0.003692
PT_3_35.soma.0.2604166666666667: 0.003701
PT_3_36.soma.0.96875: 0.003976
PT_3_37.soma.0.5104166666666666: 0.003752
PT_3_38.soma.0.9895833333333333: 0.004005
PT_3_39.soma.0.19791666666666666: 0.003706
SOM_23_0.soma.0.8214285714285714: 0.006480
SOM_23_1.soma.0.869047619047619: 0.006917
SOM_23_10.soma.0.988095238095238: 0.023097
SOM_23_11.soma.0.10714285714285714: 0.005156
SOM_23_12.soma.0.39285714285714285: 0.005013
SOM_23_13.soma.0.9166666666666666: 0.007298
SOM_23_14.soma.0.8928571428571428: 0.007077
SOM_23_15.soma.0.5119047619047619: 0.004729
SOM_23_16.soma.0.6547619047619048: 0.005139
SOM_23_17.soma.0.08333333333333333: 0.005133
SOM_23_18.soma.0.7261904761904762: 0.005716
SOM_23_19.soma.0.4642857142857143: 0.004766
SOM_23_2.soma.0.20238095238095238: 0.005208
SOM_23_20.soma.0.5595238095238095: 0.004786
SOM_23_21.soma.0.4880952380952381: 0.004702
SOM_23_22.soma.0.17857142857142855: 0.005179
SOM_23_24.soma.0.7976190476190476: 0.006330
SOM_23_25.soma.0.6309523809523809: 0.004979
SOM_23_26.soma.0.7023809523809523: 0.005522
SOM_23_27.soma.0.9642857142857142: 0.012863
SOM_23_28.soma.0.27380952380952384: 0.005120
SOM_23_3.soma.0.5833333333333333: 0.004861
SOM_23_30.soma.0.15476190476190477: 0.005173
SOM_23_31.soma.0.05952380952380952: 0.005119
SOM_23_32.soma.0.36904761904761907: 0.005018
SOM_23_33.soma.0.32142857142857145: 0.005053
SOM_23_34.soma.0.25: 0.005175
SOM_23_35.soma.0.4166666666666667: 0.004913
SOM_23_36.soma.0.75: 0.005910
SOM_23_37.soma.0.6071428571428571: 0.004915
SOM_23_38.soma.0.011904761904761904: 0.005121
SOM_23_4.soma.0.9404761904761905: 0.009862
SOM_23_5.soma.0.2976190476190476: 0.005072
SOM_23_6.soma.0.44047619047619047: 0.004837
SOM_23_7.soma.0.5357142857142857: 0.004738
SOM_23_8.soma.0.34523809523809523: 0.005057
SOM_23_9.soma.0.7738095238095237: 0.006099
