Time: 20.000000000000306; Period: Before stimulation
PT_1_20.Adend1.0.06140350877192982: 0.001302
PT_1_20.Adend2.0.17017543859649123: 0.003411
PT_1_20.Adend3.0.4789473684210526: 0.001507
PT_1_20.Bdend.0.9456140350877194: 0.003373
PT_1_21.Adend1.0.5245614035087719: 0.000942
PT_1_21.Adend2.0.787719298245614: 0.000931
PT_1_21.Adend3.0.3631578947368421: 0.001436
PT_1_21.Bdend.0.10701754385964912: 0.000780
PT_1_22.Adend1.0.7491228070175439: 13.821822
PT_1_22.Adend2.0.16666666666666669: 0.030835
PT_1_22.Adend3.0.08596491228070176: 14.737856
PT_1_22.Bdend.0.5596491228070175: 15.000000
PT_1_23.Adend1.0.26842105263157895: 0.002287
PT_1_23.Adend2.0.22982456140350876: 0.007117
PT_1_23.Adend3.0.5280701754385965: 0.002243
PT_1_23.Bdend.0.20877192982456141: 0.189629
PT_1_24.Adend1.0.5: 0.002416
PT_1_24.Adend2.0.45789473684210524: 0.016636
PT_1_24.Adend3.0.5245614035087719: 0.001994
PT_1_24.Bdend.0.3280701754385965: 0.005423
PT_1_25.Adend1.0.30350877192982456: 0.000776
PT_1_25.Adend2.0.9140350877192982: 0.000822
PT_1_25.Adend3.0.11754385964912281: 0.001009
PT_1_25.Bdend.0.8122807017543859: 0.001278
PT_1_26.Adend1.0.5350877192982456: 0.259916
PT_1_26.Adend2.0.7175438596491228: 0.231909
PT_1_26.Adend3.0.7315789473684211: 0.182546
PT_1_26.Bdend.0.2578947368421053: 0.303189
PT_1_27.Adend1.0.7807017543859649: 0.032663
PT_1_27.Adend2.0.9210526315789473: 0.010768
PT_1_27.Adend3.0.7105263157894737: 0.001396
PT_1_27.Bdend.0.26842105263157895: 0.002935
PT_1_28.Adend1.0.7947368421052632: 0.070836
PT_1_28.Adend2.0.5175438596491229: 0.051346
PT_1_28.Adend3.0.6578947368421053: 0.157757
PT_1_28.Bdend.0.868421052631579: 0.022234
PT_1_29.Adend1.0.6017543859649123: 0.003215
PT_1_29.Adend2.0.9456140350877194: 0.079848
PT_1_29.Adend3.0.6157894736842106: 0.002666
PT_1_29.Bdend.0.9035087719298246: 0.002836
PT_1_30.soma.0.5104166666666666: 0.003371
PT_1_31.soma.0.8020833333333333: 0.003271
PT_1_32.soma.0.3229166666666667: 0.003374
PT_1_33.soma.0.65625: 0.003160
PT_1_34.soma.0.6354166666666666: 0.003174
PT_1_35.soma.0.40625: 0.003362
PT_1_36.soma.0.7604166666666666: 0.003225
PT_1_37.soma.0.6979166666666666: 0.003184
PT_1_38.soma.0.6770833333333333: 0.003167
PT_1_39.soma.0.23958333333333331: 0.003373
SOM_21_0.soma.0.20238095238095238: 15.000000
SOM_21_1.soma.0.6785714285714285: 0.019038
SOM_21_10.soma.0.6071428571428571: 0.019165
SOM_21_11.soma.0.5595238095238095: 0.018976
SOM_21_12.soma.0.13095238095238093: 15.000000
SOM_21_13.soma.0.08333333333333333: 15.000000
SOM_21_14.soma.0.44047619047619047: 0.023094
SOM_21_15.soma.0.05952380952380952: 15.000000
SOM_21_16.soma.0.75: 0.018896
SOM_21_17.soma.0.4166666666666667: 0.022827
SOM_21_18.soma.0.17857142857142855: 15.000000
SOM_21_19.soma.0.10714285714285714: 15.000000
SOM_21_2.soma.0.15476190476190477: 15.000000
SOM_21_20.soma.0.5357142857142857: 0.018782
SOM_21_22.soma.0.39285714285714285: 0.023198
SOM_21_23.soma.0.7976190476190476: 0.018466
SOM_21_24.soma.0.2976190476190476: 0.192688
SOM_21_25.soma.0.7023809523809523: 0.018903
SOM_21_26.soma.0.32142857142857145: 0.061372
SOM_21_27.soma.0.36904761904761907: 0.023448
SOM_21_28.soma.0.9642857142857142: 0.017713
SOM_21_3.soma.0.7261904761904762: 0.018958
SOM_21_30.soma.0.8928571428571428: 0.017740
SOM_21_31.soma.0.8452380952380952: 0.018017
SOM_21_32.soma.0.5119047619047619: 0.019010
SOM_21_33.soma.0.869047619047619: 0.017763
SOM_21_34.soma.0.5833333333333333: 0.019238
SOM_21_35.soma.0.988095238095238: 0.017634
SOM_21_36.soma.0.25: 13.352448
SOM_21_37.soma.0.34523809523809523: 0.032974
SOM_21_38.soma.0.03571428571428571: 15.000000
SOM_21_4.soma.0.22619047619047616: 14.968545
SOM_21_5.soma.0.7738095238095237: 0.018734
SOM_21_6.soma.0.4642857142857143: 0.021927
SOM_21_7.soma.0.9404761904761905: 0.017697
SOM_21_8.soma.0.8214285714285714: 0.018456
SOM_21_9.soma.0.4880952380952381: 0.019199
