Time: 20.000000000000306; Period: Before stimulation
PT_15_20.Adend1.0.44035087719298244: 0.016341
PT_15_20.Adend2.0.6894736842105263: 0.003129
PT_15_20.Adend3.0.8649122807017544: 0.001369
PT_15_20.Bdend.0.6368421052631579: 0.001189
PT_15_21.Adend1.0.8859649122807017: 0.000799
PT_15_21.Adend2.0.8789473684210526: 0.000726
PT_15_21.Adend3.0.8578947368421053: 0.000801
PT_15_21.Bdend.0.37719298245614036: 0.001043
PT_15_22.Adend1.0.7736842105263158: 5.554955
PT_15_22.Adend2.0.6859649122807018: 0.017831
PT_15_22.Adend3.0.9: 15.000000
PT_15_22.Bdend.0.8192982456140351: 0.959819
PT_15_23.Adend1.0.8403508771929825: 0.002583
PT_15_23.Adend2.0.24736842105263157: 0.002936
PT_15_23.Adend3.0.2543859649122807: 0.002648
PT_15_23.Bdend.0.42280701754385963: 0.007631
PT_15_24.Adend1.0.2368421052631579: 0.001903
PT_15_24.Adend2.0.2578947368421053: 0.002187
PT_15_24.Adend3.0.8333333333333334: 0.003218
PT_15_24.Bdend.0.7035087719298245: 0.002700
PT_15_25.Adend1.0.5070175438596491: 0.000714
PT_15_25.Adend2.0.5: 0.000768
PT_15_25.Adend3.0.21578947368421053: 0.000815
PT_15_25.Bdend.0.6684210526315789: 0.006103
PT_15_26.Adend1.0.7421052631578947: 0.457940
PT_15_26.Adend2.0.4017543859649123: 1.177973
PT_15_26.Adend3.0.643859649122807: 0.428954
PT_15_26.Bdend.0.08596491228070176: 0.427141
PT_15_27.Adend1.0.1842105263157895: 0.048060
PT_15_27.Adend2.0.3456140350877193: 0.045057
PT_15_27.Adend3.0.6192982456140351: 0.070727
PT_15_27.Bdend.0.22280701754385965: 0.002261
PT_15_28.Adend1.0.5736842105263158: 0.070780
PT_15_28.Adend2.0.6824561403508772: 0.184682
PT_15_28.Adend3.0.45789473684210524: 0.020518
PT_15_28.Bdend.0.7456140350877193: 0.207867
PT_15_29.Adend1.0.7596491228070176: 0.003477
PT_15_29.Adend2.0.005263157894736842: 0.003408
PT_15_29.Adend3.0.1280701754385965: 0.006981
PT_15_29.Bdend.0.8333333333333334: 0.005484
PT_15_30.soma.0.6354166666666666: 0.002323
PT_15_31.soma.0.03125: 0.002110
PT_15_32.soma.0.3229166666666667: 0.002132
PT_15_33.soma.0.42708333333333337: 0.002151
PT_15_34.soma.0.28125: 0.002114
PT_15_35.soma.0.6770833333333333: 0.002340
PT_15_36.soma.0.17708333333333331: 0.002106
PT_15_37.soma.0.48958333333333337: 0.002223
PT_15_38.soma.0.21875: 0.002112
PT_15_39.soma.0.6979166666666666: 0.002359
PV_35_0.soma.0.7962962962962963: 0.005303
PV_35_1.soma.0.9444444444444444: 0.005493
PV_35_10.soma.0.16666666666666666: 0.003716
PV_35_11.soma.0.8333333333333333: 0.005450
PV_35_12.soma.0.35185185185185186: 0.004675
PV_35_13.soma.0.6481481481481481: 0.005268
PV_35_14.soma.0.6851851851851851: 0.005236
PV_35_15.soma.0.5740740740740741: 0.005092
PV_35_16.soma.0.24074074074074073: 0.004067
PV_35_17.soma.0.2777777777777778: 0.004259
PV_35_18.soma.0.6851851851851851: 0.005244
PV_35_19.soma.0.018518518518518517: 0.003386
PV_35_2.soma.0.31481481481481477: 0.004499
PV_35_20.soma.0.05555555555555555: 0.003375
PV_35_21.soma.0.7592592592592592: 0.005185
PV_35_22.soma.0.35185185185185186: 0.004666
PV_35_23.soma.0.4629629629629629: 0.004941
PV_35_24.soma.0.38888888888888884: 0.004801
PV_35_25.soma.0.09259259259259259: 0.003418
PV_35_26.soma.0.8703703703703703: 0.005477
PV_35_27.soma.0.5740740740740741: 0.005085
PV_35_28.soma.0.611111111111111: 0.005195
PV_35_3.soma.0.7962962962962963: 0.005308
PV_35_30.soma.0.5: 0.004988
PV_35_31.soma.0.6481481481481481: 0.005255
PV_35_32.soma.0.38888888888888884: 0.004786
PV_35_33.soma.0.9814814814814814: 0.005506
PV_35_34.soma.0.018518518518518517: 0.003378
PV_35_36.soma.0.537037037037037: 0.005024
PV_35_37.soma.0.7592592592592592: 0.005174
PV_35_38.soma.0.018518518518518517: 0.003387
PV_35_4.soma.0.9074074074074073: 0.005484
PV_35_5.soma.0.5: 0.004974
PV_35_6.soma.0.8333333333333333: 0.005423
PV_35_7.soma.0.42592592592592593: 0.004863
PV_35_8.soma.0.7222222222222222: 0.005220
PV_35_9.soma.0.2777777777777778: 0.004241
