Time: 20.000000000000306; Period: Before stimulation
PT_11_20.Adend1.0.8789473684210526: 0.001958
PT_11_20.Adend2.0.1105263157894737: 0.001079
PT_11_20.Adend3.0.019298245614035085: 0.001325
PT_11_20.Bdend.0.6368421052631579: 0.001426
PT_11_21.Adend1.0.7701754385964912: 0.000601
PT_11_21.Adend2.0.4298245614035088: 0.000746
PT_11_21.Adend3.0.2929824561403509: 0.001022
PT_11_21.Bdend.0.6087719298245614: 0.000709
PT_11_22.Adend1.0.7: 15.000000
PT_11_22.Adend2.0.4824561403508772: 14.602873
PT_11_22.Adend3.0.7912280701754386: 14.876267
PT_11_22.Bdend.0.5035087719298246: 1.362371
PT_11_23.Adend1.0.34210526315789475: 0.003079
PT_11_23.Adend2.0.5877192982456141: 0.007749
PT_11_23.Adend3.0.45789473684210524: 0.002080
PT_11_23.Bdend.0.0543859649122807: 0.004520
PT_11_24.Adend1.0.13157894736842105: 0.001892
PT_11_24.Adend2.0.4649122807017544: 0.001230
PT_11_24.Adend3.0.18070175438596492: 0.001359
PT_11_24.Bdend.0.5421052631578948: 0.028143
PT_11_25.Adend1.0.6403508771929824: 0.000712
PT_11_25.Adend2.0.3105263157894737: 0.000991
PT_11_25.Adend3.0.48596491228070177: 0.002795
PT_11_25.Bdend.0.7210526315789474: 0.000733
PT_11_26.Adend1.0.08947368421052632: 1.073837
PT_11_26.Adend2.0.18771929824561404: 0.363059
PT_11_26.Adend3.0.43333333333333335: 1.402606
PT_11_26.Bdend.0.443859649122807: 0.725285
PT_11_27.Adend1.0.2929824561403509: 0.005582
PT_11_27.Adend2.0.06842105263157895: 0.001758
PT_11_27.Adend3.0.9771929824561404: 0.002095
PT_11_27.Bdend.0.9175438596491228: 0.002290
PT_11_28.Adend1.0.3385964912280702: 0.009152
PT_11_28.Adend2.0.32105263157894737: 0.094221
PT_11_28.Adend3.0.8228070175438597: 0.020411
PT_11_28.Bdend.0.47543859649122805: 0.069141
PT_11_29.Adend1.0.7842105263157895: 0.002882
PT_11_29.Adend2.0.3666666666666667: 0.002635
PT_11_29.Adend3.0.6157894736842106: 0.002891
PT_11_29.Bdend.0.5070175438596491: 0.275751
PT_11_30.soma.0.8229166666666666: 0.002266
PT_11_31.soma.0.8020833333333333: 0.002245
PT_11_32.soma.0.3229166666666667: 0.002138
PT_11_33.soma.0.5729166666666666: 0.002148
PT_11_34.soma.0.7604166666666666: 0.002221
PT_11_35.soma.0.8854166666666666: 0.002296
PT_11_36.soma.0.28125: 0.002128
PT_11_37.soma.0.5520833333333333: 0.002104
PT_11_38.soma.0.15625: 0.002129
PT_11_39.soma.0.78125: 0.002236
PV_31_0.soma.0.8333333333333333: 0.001977
PV_31_1.soma.0.16666666666666666: 0.002920
PV_31_10.soma.0.7222222222222222: 0.002108
PV_31_11.soma.0.6481481481481481: 0.002251
PV_31_12.soma.0.2037037037037037: 0.002910
PV_31_13.soma.0.9074074074074073: 0.001981
PV_31_14.soma.0.018518518518518517: 0.002928
PV_31_15.soma.0.611111111111111: 0.002318
PV_31_16.soma.0.7592592592592592: 0.002048
PV_31_17.soma.0.5: 0.002502
PV_31_18.soma.0.38888888888888884: 0.002679
PV_31_19.soma.0.611111111111111: 0.002314
PV_31_2.soma.0.42592592592592593: 0.002632
PV_31_20.soma.0.8703703703703703: 0.001972
PV_31_21.soma.0.7962962962962963: 0.001989
PV_31_22.soma.0.24074074074074073: 0.002861
PV_31_23.soma.0.9814814814814814: 0.001980
PV_31_24.soma.0.7592592592592592: 0.002053
PV_31_25.soma.0.7962962962962963: 0.001987
PV_31_26.soma.0.8703703703703703: 0.001974
PV_31_27.soma.0.537037037037037: 0.002430
PV_31_28.soma.0.05555555555555555: 0.002937
PV_31_3.soma.0.5: 0.002500
PV_31_30.soma.0.09259259259259259: 0.002924
PV_31_32.soma.0.4629629629629629: 0.002556
PV_31_33.soma.0.31481481481481477: 0.002776
PV_31_34.soma.0.12962962962962962: 0.002938
PV_31_35.soma.0.537037037037037: 0.002427
PV_31_36.soma.0.5740740740740741: 0.002368
PV_31_37.soma.0.2037037037037037: 0.002910
PV_31_38.soma.0.2777777777777778: 0.002819
PV_31_4.soma.0.9074074074074073: 0.001979
PV_31_5.soma.0.6851851851851851: 0.002170
PV_31_6.soma.0.35185185185185186: 0.002726
PV_31_7.soma.0.9444444444444444: 0.001973
PV_31_8.soma.0.7222222222222222: 0.002115
PV_31_9.soma.0.09259259259259259: 0.002918
