Time: 20.000000000000306; Period: Before stimulation
PT_2_20.Adend1.0.21228070175438596: 0.001468
PT_2_20.Adend2.0.6508771929824562: 0.001326
PT_2_20.Adend3.0.8368421052631579: 0.001387
PT_2_20.Bdend.0.4614035087719298: 0.001448
PT_2_21.Adend1.0.13157894736842105: 0.000687
PT_2_21.Adend2.0.47192982456140353: 0.000843
PT_2_21.Adend3.0.5456140350877193: 0.000747
PT_2_21.Bdend.0.4017543859649123: 0.000946
PT_2_22.Adend1.0.09298245614035089: 14.800481
PT_2_22.Adend2.0.5035087719298246: 15.000000
PT_2_22.Adend3.0.5070175438596491: 14.842444
PT_2_22.Bdend.0.3912280701754386: 0.006230
PT_2_23.Adend1.0.7701754385964912: 0.005210
PT_2_23.Adend2.0.3: 0.005311
PT_2_23.Adend3.0.1456140350877193: 0.006758
PT_2_23.Bdend.0.20877192982456141: 0.027626
PT_2_24.Adend1.0.5596491228070175: 0.001641
PT_2_24.Adend2.0.7807017543859649: 0.001478
PT_2_24.Adend3.0.9175438596491228: 0.002978
PT_2_24.Bdend.0.13508771929824562: 0.001481
PT_2_25.Adend1.0.7280701754385965: 0.000916
PT_2_25.Adend2.0.8473684210526315: 0.000727
PT_2_25.Adend3.0.23333333333333334: 0.000828
PT_2_25.Bdend.0.8192982456140351: 0.000904
PT_2_26.Adend1.0.3631578947368421: 0.236761
PT_2_26.Adend2.0.2754385964912281: 0.453076
PT_2_26.Adend3.0.6719298245614035: 0.247587
PT_2_26.Bdend.0.9947368421052631: 0.352044
PT_2_27.Adend1.0.6298245614035087: 0.048432
PT_2_27.Adend2.0.6543859649122807: 0.002393
PT_2_27.Adend3.0.4543859649122807: 0.009919
PT_2_27.Bdend.0.1105263157894737: 0.003198
PT_2_28.Adend1.0.24385964912280703: 0.058186
PT_2_28.Adend2.0.28596491228070176: 0.019545
PT_2_28.Adend3.0.9385964912280702: 0.021500
PT_2_28.Bdend.0.17719298245614035: 0.119009
PT_2_29.Adend1.0.1912280701754386: 0.004765
PT_2_29.Adend2.0.03684210526315789: 0.003877
PT_2_29.Adend3.0.06842105263157895: 0.004058
PT_2_29.Bdend.0.3912280701754386: 0.006225
PT_2_30.soma.0.8229166666666666: 0.008969
PT_2_31.soma.0.23958333333333331: 0.007520
PT_2_32.soma.0.5104166666666666: 0.008338
PT_2_33.soma.0.34375: 0.007589
PT_2_34.soma.0.84375: 0.008971
PT_2_35.soma.0.17708333333333331: 0.007461
PT_2_36.soma.0.05208333333333333: 0.007407
PT_2_37.soma.0.19791666666666666: 0.007498
PT_2_38.soma.0.48958333333333337: 0.008204
PT_2_39.soma.0.5520833333333333: 0.008423
SOM_22_0.soma.0.9642857142857142: 0.002960
SOM_22_1.soma.0.6071428571428571: 0.002923
SOM_22_10.soma.0.27380952380952384: 0.003062
SOM_22_11.soma.0.08333333333333333: 0.003249
SOM_22_12.soma.0.6547619047619048: 0.002903
SOM_22_13.soma.0.2976190476190476: 0.003045
SOM_22_14.soma.0.36904761904761907: 0.002900
SOM_22_15.soma.0.03571428571428571: 0.003261
SOM_22_16.soma.0.17857142857142855: 0.003168
SOM_22_17.soma.0.25: 0.003090
SOM_22_18.soma.0.9404761904761905: 0.002966
SOM_22_19.soma.0.5833333333333333: 0.002927
SOM_22_2.soma.0.05952380952380952: 0.003261
SOM_22_20.soma.0.6785714285714285: 0.002878
SOM_22_21.soma.0.7023809523809523: 0.002856
SOM_22_23.soma.0.4166666666666667: 0.002858
SOM_22_24.soma.0.34523809523809523: 0.002945
SOM_22_25.soma.0.39285714285714285: 0.002871
SOM_22_26.soma.0.869047619047619: 0.002938
SOM_22_27.soma.0.20238095238095238: 0.003137
SOM_22_28.soma.0.5595238095238095: 0.002918
SOM_22_3.soma.0.8928571428571428: 0.002948
SOM_22_30.soma.0.988095238095238: 0.002965
SOM_22_31.soma.0.011904761904761904: 0.003250
SOM_22_32.soma.0.10714285714285714: 0.003220
SOM_22_33.soma.0.75: 0.002874
SOM_22_34.soma.0.4880952380952381: 0.002920
SOM_22_35.soma.0.32142857142857145: 0.002990
SOM_22_36.soma.0.8452380952380952: 0.002923
SOM_22_37.soma.0.5119047619047619: 0.002915
SOM_22_38.soma.0.8214285714285714: 0.002923
SOM_22_4.soma.0.7261904761904762: 0.002862
SOM_22_5.soma.0.5357142857142857: 0.002907
SOM_22_6.soma.0.13095238095238093: 0.003209
SOM_22_7.soma.0.4642857142857143: 0.002880
SOM_22_8.soma.0.15476190476190477: 0.003193
SOM_22_9.soma.0.7976190476190476: 0.002897
