Time: 20.000000000000306; Period: Before stimulation
PT_6_20.Adend1.0.6368421052631579: 0.001604
PT_6_20.Adend2.0.9140350877192982: 0.001312
PT_6_20.Adend3.0.03684210526315789: 0.001295
PT_6_20.Bdend.0.04736842105263158: 0.001990
PT_6_21.Adend1.0.012280701754385965: 0.000952
PT_6_21.Adend2.0.5912280701754385: 0.001270
PT_6_21.Adend3.0.35964912280701755: 0.000920
PT_6_21.Bdend.0.843859649122807: 0.000797
PT_6_22.Adend1.0.5175438596491229: 15.000000
PT_6_22.Adend2.0.2368421052631579: 15.000000
PT_6_22.Adend3.0.8333333333333334: 15.000000
PT_6_22.Bdend.0.6052631578947368: 14.999953
PT_6_23.Adend1.0.8649122807017544: 0.010580
PT_6_23.Adend2.0.4649122807017544: 0.002602
PT_6_23.Adend3.0.7421052631578947: 0.001998
PT_6_23.Bdend.0.9771929824561404: 0.006264
PT_6_24.Adend1.0.0543859649122807: 0.014015
PT_6_24.Adend2.0.8228070175438597: 0.005396
PT_6_24.Adend3.0.1842105263157895: 0.001410
PT_6_24.Bdend.0.4473684210526316: 0.001477
PT_6_25.Adend1.0.8298245614035088: 0.001086
PT_6_25.Adend2.0.6403508771929824: 0.000714
PT_6_25.Adend3.0.2754385964912281: 0.000706
PT_6_25.Bdend.0.6649122807017543: 0.000759
PT_6_26.Adend1.0.1456140350877193: 0.198597
PT_6_26.Adend2.0.04035087719298246: 0.323731
PT_6_26.Adend3.0.9105263157894737: 0.622732
PT_6_26.Bdend.0.8894736842105263: 0.645515
PT_6_27.Adend1.0.005263157894736842: 0.001535
PT_6_27.Adend2.0.42280701754385963: 0.011936
PT_6_27.Adend3.0.6894736842105263: 0.162217
PT_6_27.Bdend.0.3666666666666667: 0.004736
PT_6_28.Adend1.0.9175438596491228: 0.085206
PT_6_28.Adend2.0.7456140350877193: 0.033520
PT_6_28.Adend3.0.04736842105263158: 0.015768
PT_6_28.Bdend.0.32105263157894737: 0.161226
PT_6_29.Adend1.0.5877192982456141: 0.126786
PT_6_29.Adend2.0.06140350877192982: 0.005612
PT_6_29.Adend3.0.6508771929824562: 0.004055
PT_6_29.Bdend.0.39473684210526316: 0.003745
PT_6_30.soma.0.15625: 0.003290
PT_6_31.soma.0.8854166666666666: 0.003438
PT_6_32.soma.0.59375: 0.003429
PT_6_33.soma.0.5104166666666666: 0.003422
PT_6_34.soma.0.8645833333333333: 0.003421
PT_6_35.soma.0.05208333333333333: 0.003277
PT_6_36.soma.0.4479166666666667: 0.003378
PT_6_37.soma.0.96875: 0.003439
PT_6_38.soma.0.30208333333333337: 0.003324
PT_6_39.soma.0.9895833333333333: 0.003432
SOM_26_0.soma.0.05952380952380952: 0.007615
SOM_26_1.soma.0.4642857142857143: 0.009149
SOM_26_10.soma.0.25: 0.008500
SOM_26_11.soma.0.03571428571428571: 0.007680
SOM_26_12.soma.0.15476190476190477: 0.007734
SOM_26_13.soma.0.869047619047619: 0.011539
SOM_26_14.soma.0.4166666666666667: 0.008925
SOM_26_15.soma.0.6547619047619048: 0.009223
SOM_26_16.soma.0.988095238095238: 0.012347
SOM_26_17.soma.0.5119047619047619: 0.009211
SOM_26_18.soma.0.34523809523809523: 0.008745
SOM_26_19.soma.0.011904761904761904: 0.007700
SOM_26_2.soma.0.22619047619047616: 0.008438
SOM_26_20.soma.0.7261904761904762: 0.009482
SOM_26_21.soma.0.13095238095238093: 0.007521
SOM_26_22.soma.0.17857142857142855: 0.007915
SOM_26_23.soma.0.6309523809523809: 0.009278
SOM_26_24.soma.0.75: 0.009875
SOM_26_25.soma.0.6785714285714285: 0.009186
SOM_26_27.soma.0.2976190476190476: 0.008625
SOM_26_28.soma.0.8452380952380952: 0.011261
SOM_26_3.soma.0.9404761904761905: 0.012621
SOM_26_30.soma.0.9166666666666666: 0.011803
SOM_26_31.soma.0.4880952380952381: 0.009149
SOM_26_32.soma.0.8928571428571428: 0.011605
SOM_26_33.soma.0.9642857142857142: 0.012115
SOM_26_34.soma.0.08333333333333333: 0.007643
SOM_26_35.soma.0.27380952380952384: 0.008539
SOM_26_36.soma.0.32142857142857145: 0.008637
SOM_26_37.soma.0.5833333333333333: 0.009292
SOM_26_38.soma.0.20238095238095238: 0.008172
SOM_26_4.soma.0.5595238095238095: 0.009308
SOM_26_5.soma.0.6071428571428571: 0.009236
SOM_26_6.soma.0.7738095238095237: 0.010296
SOM_26_7.soma.0.8214285714285714: 0.010941
SOM_26_8.soma.0.5357142857142857: 0.009300
SOM_26_9.soma.0.7976190476190476: 0.010626
