Time: 20.000000000000306; Period: Before stimulation
PT_18_20.Adend1.0.980701754385965: 0.001065
PT_18_20.Adend2.0.37719298245614036: 0.001090
PT_18_20.Adend3.0.5105263157894737: 0.001140
PT_18_20.Bdend.0.4192982456140351: 0.001607
PT_18_21.Adend1.0.07543859649122807: 0.000667
PT_18_21.Adend2.0.22280701754385965: 0.000607
PT_18_21.Adend3.0.356140350877193: 0.000692
PT_18_21.Bdend.0.3350877192982456: 0.000836
PT_18_22.Adend1.0.8122807017543859: 0.001796
PT_18_22.Adend2.0.7807017543859649: 14.999992
PT_18_22.Adend3.0.8473684210526315: 3.460466
PT_18_22.Bdend.0.49298245614035086: 15.000000
PT_18_23.Adend1.0.3175438596491228: 0.004268
PT_18_23.Adend2.0.3842105263157895: 0.002969
PT_18_23.Adend3.0.4543859649122807: 0.053005
PT_18_23.Bdend.0.3280701754385965: 0.002812
PT_18_24.Adend1.0.6087719298245614: 0.004949
PT_18_24.Adend2.0.4964912280701754: 0.001698
PT_18_24.Adend3.0.7456140350877193: 0.002527
PT_18_24.Bdend.0.9105263157894737: 0.007513
PT_18_25.Adend1.0.8157894736842105: 0.000772
PT_18_25.Adend2.0.756140350877193: 0.001119
PT_18_25.Adend3.0.9315789473684211: 0.000845
PT_18_25.Bdend.0.5350877192982456: 0.001240
PT_18_26.Adend1.0.19824561403508772: 0.406615
PT_18_26.Adend2.0.612280701754386: 0.287558
PT_18_26.Adend3.0.8508771929824561: 0.936595
PT_18_26.Bdend.0.2578947368421053: 0.442420
PT_18_27.Adend1.0.18070175438596492: 0.044441
PT_18_27.Adend2.0.4368421052631579: 0.001557
PT_18_27.Adend3.0.531578947368421: 0.001430
PT_18_27.Bdend.0.868421052631579: 0.003423
PT_18_28.Adend1.0.2824561403508772: 0.067799
PT_18_28.Adend2.0.13157894736842105: 0.157135
PT_18_28.Adend3.0.1456140350877193: 0.044615
PT_18_28.Bdend.0.3140350877192983: 0.053850
PT_18_29.Adend1.0.2649122807017544: 0.002948
PT_18_29.Adend2.0.5385964912280702: 0.002751
PT_18_29.Adend3.0.6508771929824562: 0.003126
PT_18_29.Bdend.0.8894736842105263: 0.003432
PT_18_30.soma.0.40625: 0.004094
PT_18_31.soma.0.19791666666666666: 0.004103
PT_18_32.soma.0.010416666666666666: 0.004105
PT_18_33.soma.0.7604166666666666: 0.003625
PT_18_34.soma.0.2604166666666667: 0.004079
PT_18_35.soma.0.9270833333333333: 0.003742
PT_18_36.soma.0.71875: 0.003684
PT_18_37.soma.0.8020833333333333: 0.003652
PT_18_38.soma.0.84375: 0.003679
PT_18_39.soma.0.07291666666666667: 0.004099
PV_38_0.soma.0.9444444444444444: 0.003576
PV_38_1.soma.0.7222222222222222: 0.004033
PV_38_10.soma.0.05555555555555555: 0.015119
PV_38_11.soma.0.12962962962962962: 0.012792
PV_38_12.soma.0.537037037037037: 0.004960
PV_38_13.soma.0.09259259259259259: 0.014387
PV_38_14.soma.0.24074074074074073: 0.007798
PV_38_15.soma.0.42592592592592593: 0.005386
PV_38_16.soma.0.5: 0.005094
PV_38_17.soma.0.24074074074074073: 0.007728
PV_38_18.soma.0.2037037037037037: 0.009767
PV_38_19.soma.0.38888888888888884: 0.005536
PV_38_2.soma.0.09259259259259259: 0.014412
PV_38_20.soma.0.35185185185185186: 0.005634
PV_38_21.soma.0.7592592592592592: 0.003863
PV_38_22.soma.0.7962962962962963: 0.003787
PV_38_23.soma.0.9074074074074073: 0.003616
PV_38_24.soma.0.8703703703703703: 0.003654
PV_38_25.soma.0.2777777777777778: 0.006211
PV_38_26.soma.0.31481481481481477: 0.005816
PV_38_27.soma.0.12962962962962962: 0.012759
PV_38_28.soma.0.611111111111111: 0.004544
PV_38_3.soma.0.018518518518518517: 0.015864
PV_38_30.soma.0.4629629629629629: 0.005213
PV_38_31.soma.0.16666666666666666: 0.011516
PV_38_32.soma.0.6481481481481481: 0.004380
PV_38_33.soma.0.9814814814814814: 0.003539
PV_38_34.soma.0.8333333333333333: 0.003711
PV_38_35.soma.0.9074074074074073: 0.003598
PV_38_36.soma.0.8333333333333333: 0.003713
PV_38_37.soma.0.5740740740740741: 0.004745
PV_38_4.soma.0.6851851851851851: 0.004206
PV_38_5.soma.0.8703703703703703: 0.003636
PV_38_6.soma.0.2777777777777778: 0.006214
PV_38_7.soma.0.35185185185185186: 0.005618
PV_38_8.soma.0.9814814814814814: 0.003530
PV_38_9.soma.0.9444444444444444: 0.003572
