Time: 20.000000000000306; Period: Before stimulation
PT_8_20.Adend1.0.9912280701754386: 0.001275
PT_8_20.Adend2.0.0017543859649122807: 0.001429
PT_8_20.Adend3.0.6649122807017543: 0.001176
PT_8_20.Bdend.0.45789473684210524: 0.001099
PT_8_21.Adend1.0.3105263157894737: 0.000661
PT_8_21.Adend2.0.09649122807017545: 0.000781
PT_8_21.Adend3.0.2368421052631579: 0.000649
PT_8_21.Bdend.0.6263157894736843: 0.001051
PT_8_22.Adend1.0.28596491228070176: 14.324234
PT_8_22.Adend2.0.9596491228070175: 15.000000
PT_8_22.Adend3.0.9385964912280702: 15.000000
PT_8_22.Bdend.0.16666666666666669: 15.000000
PT_8_23.Adend1.0.8789473684210526: 0.001795
PT_8_23.Adend2.0.32456140350877194: 0.025938
PT_8_23.Adend3.0.02982456140350877: 0.218849
PT_8_23.Bdend.0.45087719298245615: 0.001656
PT_8_24.Adend1.0.6964912280701755: 0.001310
PT_8_24.Adend2.0.2649122807017544: 0.003286
PT_8_24.Adend3.0.7666666666666667: 0.001511
PT_8_24.Bdend.0.756140350877193: 0.004544
PT_8_25.Adend1.0.9385964912280702: 0.000734
PT_8_25.Adend2.0.7070175438596491: 0.000802
PT_8_25.Adend3.0.7526315789473684: 0.000862
PT_8_25.Bdend.0.13157894736842105: 0.000859
PT_8_26.Adend1.0.2578947368421053: 0.833081
PT_8_26.Adend2.0.7140350877192982: 0.334172
PT_8_26.Adend3.0.1631578947368421: 0.915798
PT_8_26.Bdend.0.9701754385964912: 0.297692
PT_8_27.Adend1.0.9: 0.001842
PT_8_27.Adend2.0.43333333333333335: 0.019403
PT_8_27.Adend3.0.32456140350877194: 0.004248
PT_8_27.Bdend.0.7807017543859649: 0.059963
PT_8_28.Adend1.0.8192982456140351: 0.021995
PT_8_28.Adend2.0.2894736842105263: 0.114452
PT_8_28.Adend3.0.8087719298245614: 0.019154
PT_8_28.Bdend.0.6263157894736843: 0.001052
PT_8_29.Adend1.0.1385964912280702: 0.004054
PT_8_29.Adend2.0.12456140350877193: 0.003237
PT_8_29.Adend3.0.47543859649122805: 0.003285
PT_8_29.Bdend.0.45789473684210524: 0.001101
PT_8_30.soma.0.6145833333333333: 0.005673
PT_8_31.soma.0.53125: 0.005811
PT_8_32.soma.0.8229166666666666: 0.005458
PT_8_33.soma.0.9270833333333333: 0.005355
PT_8_34.soma.0.15625: 0.005739
PT_8_35.soma.0.13541666666666666: 0.005742
PT_8_36.soma.0.4479166666666667: 0.005743
PT_8_37.soma.0.48958333333333337: 0.005818
PT_8_38.soma.0.7604166666666666: 0.005507
PT_8_39.soma.0.6354166666666666: 0.005627
SOM_28_0.soma.0.32142857142857145: 0.003915
SOM_28_1.soma.0.44047619047619047: 0.004228
SOM_28_10.soma.0.20238095238095238: 0.003818
SOM_28_11.soma.0.7261904761904762: 0.006352
SOM_28_12.soma.0.22619047619047616: 0.003862
SOM_28_13.soma.0.4642857142857143: 0.004416
SOM_28_14.soma.0.10714285714285714: 0.003643
SOM_28_15.soma.0.9642857142857142: 0.006647
SOM_28_16.soma.0.988095238095238: 0.006638
SOM_28_17.soma.0.8928571428571428: 0.006646
SOM_28_18.soma.0.5833333333333333: 0.005494
SOM_28_19.soma.0.7023809523809523: 0.006274
SOM_28_2.soma.0.6309523809523809: 0.005991
SOM_28_20.soma.0.03571428571428571: 0.003597
SOM_28_21.soma.0.13095238095238093: 0.003681
SOM_28_22.soma.0.6071428571428571: 0.005725
SOM_28_23.soma.0.05952380952380952: 0.003620
SOM_28_24.soma.0.08333333333333333: 0.003647
SOM_28_25.soma.0.4166666666666667: 0.004048
SOM_28_26.soma.0.17857142857142855: 0.003778
SOM_28_27.soma.0.36904761904761907: 0.003951
SOM_28_3.soma.0.8214285714285714: 0.006603
SOM_28_30.soma.0.75: 0.006414
SOM_28_31.soma.0.7976190476190476: 0.006525
SOM_28_32.soma.0.5119047619047619: 0.004791
SOM_28_33.soma.0.39285714285714285: 0.003989
SOM_28_34.soma.0.8452380952380952: 0.006664
SOM_28_35.soma.0.5357142857142857: 0.005005
SOM_28_36.soma.0.9404761904761905: 0.006625
SOM_28_37.soma.0.25: 0.003878
SOM_28_38.soma.0.6785714285714285: 0.006209
SOM_28_4.soma.0.5595238095238095: 0.005254
SOM_28_5.soma.0.27380952380952384: 0.003875
SOM_28_6.soma.0.4880952380952381: 0.004596
SOM_28_7.soma.0.869047619047619: 0.006620
SOM_28_8.soma.0.6547619047619048: 0.006143
SOM_28_9.soma.0.9166666666666666: 0.006613
