Time: 20.000000000000306; Period: Before stimulation
PT_17_20.Adend1.0.0017543859649122807: 0.001283
PT_17_20.Adend2.0.8263157894736842: 0.002848
PT_17_20.Adend3.0.7140350877192982: 0.001107
PT_17_20.Bdend.0.05789473684210526: 0.001363
PT_17_21.Adend1.0.0824561403508772: 0.000819
PT_17_21.Adend2.0.2929824561403509: 0.001732
PT_17_21.Adend3.0.8929824561403509: 0.000645
PT_17_21.Bdend.0.2017543859649123: 0.000895
PT_17_22.Adend1.0.39473684210526316: 14.236839
PT_17_22.Adend2.0.2543859649122807: 0.016045
PT_17_22.Adend3.0.5701754385964912: 15.000000
PT_17_22.Bdend.0.387719298245614: 15.000000
PT_17_23.Adend1.0.9: 0.002219
PT_17_23.Adend2.0.7842105263157895: 0.002124
PT_17_23.Adend3.0.356140350877193: 0.005683
PT_17_23.Bdend.0.14210526315789473: 0.011592
PT_17_24.Adend1.0.3350877192982456: 0.001906
PT_17_24.Adend2.0.19473684210526315: 0.002965
PT_17_24.Adend3.0.019298245614035085: 0.014945
PT_17_24.Bdend.0.3385964912280702: 0.008281
PT_17_25.Adend1.0.7947368421052632: 0.000878
PT_17_25.Adend2.0.21578947368421053: 0.000732
PT_17_25.Adend3.0.7666666666666667: 0.000752
PT_17_25.Bdend.0.11754385964912281: 0.000793
PT_17_26.Adend1.0.4964912280701754: 0.375550
PT_17_26.Adend2.0.5175438596491229: 0.910744
PT_17_26.Adend3.0.756140350877193: 0.274218
PT_17_26.Bdend.0.4017543859649123: 1.084985
PT_17_27.Adend1.0.3631578947368421: 0.001304
PT_17_27.Adend2.0.25087719298245614: 0.002219
PT_17_27.Adend3.0.8789473684210526: 0.018559
PT_17_27.Bdend.0.868421052631579: 0.003098
PT_17_28.Adend1.0.6824561403508772: 0.087692
PT_17_28.Adend2.0.4263157894736842: 0.057183
PT_17_28.Adend3.0.3315789473684211: 0.016763
PT_17_28.Bdend.0.8368421052631579: 0.489596
PT_17_29.Adend1.0.15964912280701754: 0.004084
PT_17_29.Adend2.0.5947368421052631: 0.002711
PT_17_29.Adend3.0.6754385964912281: 0.002786
PT_17_29.Bdend.0.9842105263157894: 0.006809
PT_17_30.soma.0.65625: 0.001917
PT_17_31.soma.0.59375: 0.001934
PT_17_32.soma.0.6979166666666666: 0.001903
PT_17_33.soma.0.30208333333333337: 0.001841
PT_17_34.soma.0.15625: 0.001832
PT_17_35.soma.0.8229166666666666: 0.001867
PT_17_36.soma.0.2604166666666667: 0.001837
PT_17_37.soma.0.46875: 0.001933
PT_17_38.soma.0.5104166666666666: 0.001960
PT_17_39.soma.0.28125: 0.001838
PV_37_0.soma.0.9074074074074073: 0.002671
PV_37_1.soma.0.2777777777777778: 0.003078
PV_37_10.soma.0.6851851851851851: 0.003024
PV_37_11.soma.0.12962962962962962: 0.003139
PV_37_12.soma.0.8703703703703703: 0.002763
PV_37_13.soma.0.42592592592592593: 0.003131
PV_37_14.soma.0.7222222222222222: 0.003006
PV_37_15.soma.0.35185185185185186: 0.003080
PV_37_16.soma.0.2037037037037037: 0.003114
PV_37_17.soma.0.09259259259259259: 0.003140
PV_37_18.soma.0.7592592592592592: 0.002981
PV_37_19.soma.0.537037037037037: 0.003091
PV_37_2.soma.0.2037037037037037: 0.003120
PV_37_20.soma.0.24074074074074073: 0.003090
PV_37_21.soma.0.31481481481481477: 0.003052
PV_37_22.soma.0.05555555555555555: 0.003144
PV_37_23.soma.0.8703703703703703: 0.002768
PV_37_24.soma.0.4629629629629629: 0.003128
PV_37_25.soma.0.9814814814814814: 0.002513
PV_37_26.soma.0.38888888888888884: 0.003104
PV_37_27.soma.0.8333333333333333: 0.002847
PV_37_28.soma.0.5740740740740741: 0.003078
PV_37_3.soma.0.5: 0.003107
PV_37_30.soma.0.7592592592592592: 0.002980
PV_37_31.soma.0.24074074074074073: 0.003085
PV_37_32.soma.0.5740740740740741: 0.003076
PV_37_33.soma.0.611111111111111: 0.003071
PV_37_34.soma.0.9444444444444444: 0.002585
PV_37_35.soma.0.4629629629629629: 0.003111
PV_37_36.soma.0.7962962962962963: 0.002942
PV_37_38.soma.0.6481481481481481: 0.003048
PV_37_4.soma.0.8333333333333333: 0.002848
PV_37_5.soma.0.018518518518518517: 0.003142
PV_37_6.soma.0.6481481481481481: 0.003041
PV_37_7.soma.0.42592592592592593: 0.003120
PV_37_8.soma.0.7962962962962963: 0.002941
PV_37_9.soma.0.8333333333333333: 0.002839
