Time: 20.000000000000306; Period: Before stimulation
PT_14_20.Adend1.0.4964912280701754: 0.003138
PT_14_20.Adend2.0.5561403508771929: 0.004853
PT_14_20.Adend3.0.9385964912280702: 0.001106
PT_14_20.Bdend.0.9736842105263158: 0.002628
PT_14_21.Adend1.0.41578947368421054: 0.000763
PT_14_21.Adend2.0.6017543859649123: 0.000985
PT_14_21.Adend3.0.07192982456140351: 0.000994
PT_14_21.Bdend.0.9947368421052631: 0.000644
PT_14_22.Adend1.0.8789473684210526: 15.000000
PT_14_22.Adend2.0.5456140350877193: 6.120777
PT_14_22.Adend3.0.387719298245614: 1.419830
PT_14_22.Bdend.0.5561403508771929: 14.109929
PT_14_23.Adend1.0.2192982456140351: 0.006912
PT_14_23.Adend2.0.8614035087719298: 0.002315
PT_14_23.Adend3.0.6087719298245614: 0.045393
PT_14_23.Bdend.0.612280701754386: 0.155163
PT_14_24.Adend1.0.0649122807017544: 0.002283
PT_14_24.Adend2.0.5596491228070175: 0.006921
PT_14_24.Adend3.0.3385964912280702: 0.001381
PT_14_24.Bdend.0.3456140350877193: 0.005170
PT_14_25.Adend1.0.3175438596491228: 0.000819
PT_14_25.Adend2.0.07543859649122807: 0.001098
PT_14_25.Adend3.0.1631578947368421: 0.001035
PT_14_25.Bdend.0.022807017543859647: 0.000728
PT_14_26.Adend1.0.7982456140350878: 0.163484
PT_14_26.Adend2.0.04736842105263158: 0.292117
PT_14_26.Adend3.0.3842105263157895: 0.182698
PT_14_26.Bdend.0.5456140350877193: 0.544766
PT_14_27.Adend1.0.7421052631578947: 0.001631
PT_14_27.Adend2.0.6017543859649123: 0.000985
PT_14_27.Adend3.0.21578947368421053: 0.002523
PT_14_27.Bdend.0.6754385964912281: 0.014192
PT_14_28.Adend1.0.8263157894736842: 0.138148
PT_14_28.Adend2.0.14912280701754385: 0.009732
PT_14_28.Adend3.0.9280701754385965: 0.011163
PT_14_28.Bdend.0.6614035087719299: 0.101088
PT_14_29.Adend1.0.6192982456140351: 0.006941
PT_14_29.Adend2.0.2754385964912281: 0.003310
PT_14_29.Adend3.0.7210526315789474: 0.002682
PT_14_29.Bdend.0.7175438596491228: 0.003088
PT_14_30.soma.0.3229166666666667: 0.003526
PT_14_31.soma.0.4479166666666667: 0.003566
PT_14_32.soma.0.78125: 0.003592
PT_14_33.soma.0.5729166666666666: 0.003541
PT_14_34.soma.0.30208333333333337: 0.003497
PT_14_35.soma.0.5104166666666666: 0.003564
PT_14_36.soma.0.9895833333333333: 0.003673
PT_14_37.soma.0.21875: 0.003521
PT_14_38.soma.0.8020833333333333: 0.003597
PT_14_39.soma.0.03125: 0.003521
PV_34_0.soma.0.9814814814814814: 0.002393
PV_34_1.soma.0.7962962962962963: 0.002313
PV_34_10.soma.0.7592592592592592: 0.002276
PV_34_11.soma.0.9074074074074073: 0.002384
PV_34_12.soma.0.9444444444444444: 0.002396
PV_34_13.soma.0.611111111111111: 0.002206
PV_34_14.soma.0.5: 0.002160
PV_34_15.soma.0.7222222222222222: 0.002269
PV_34_16.soma.0.2777777777777778: 0.002269
PV_34_17.soma.0.24074074074074073: 0.002293
PV_34_18.soma.0.6851851851851851: 0.002247
PV_34_19.soma.0.537037037037037: 0.002155
PV_34_2.soma.0.2037037037037037: 0.002326
PV_34_20.soma.0.7592592592592592: 0.002283
PV_34_21.soma.0.38888888888888884: 0.002196
PV_34_22.soma.0.4629629629629629: 0.002170
PV_34_23.soma.0.09259259259259259: 0.002388
PV_34_24.soma.0.31481481481481477: 0.002244
PV_34_25.soma.0.537037037037037: 0.002158
PV_34_26.soma.0.6851851851851851: 0.002250
PV_34_27.soma.0.8333333333333333: 0.002328
PV_34_28.soma.0.5: 0.002168
PV_34_3.soma.0.12962962962962962: 0.002367
PV_34_30.soma.0.42592592592592593: 0.002179
PV_34_31.soma.0.05555555555555555: 0.002396
PV_34_32.soma.0.6481481481481481: 0.002229
PV_34_33.soma.0.16666666666666666: 0.002353
PV_34_35.soma.0.42592592592592593: 0.002176
PV_34_36.soma.0.42592592592592593: 0.002177
PV_34_37.soma.0.8703703703703703: 0.002354
PV_34_38.soma.0.35185185185185186: 0.002213
PV_34_4.soma.0.018518518518518517: 0.002419
PV_34_5.soma.0.5740740740740741: 0.002171
PV_34_6.soma.0.9074074074074073: 0.002373
PV_34_7.soma.0.5740740740740741: 0.002174
PV_34_8.soma.0.2777777777777778: 0.002267
PV_34_9.soma.0.611111111111111: 0.002197
