Time: 20.000000000000306; Period: Before stimulation
PT_9_20.Adend1.0.8719298245614036: 0.002657
PT_9_20.Adend2.0.4614035087719298: 0.003061
PT_9_20.Adend3.0.07543859649122807: 0.001926
PT_9_20.Bdend.0.8824561403508772: 0.002848
PT_9_21.Adend1.0.7280701754385965: 0.000934
PT_9_21.Adend2.0.3315789473684211: 0.000888
PT_9_21.Adend3.0.2368421052631579: 0.000850
PT_9_21.Bdend.0.9035087719298246: 0.001436
PT_9_22.Adend1.0.8368421052631579: 14.958253
PT_9_22.Adend2.0.7070175438596491: 13.677892
PT_9_22.Adend3.0.7070175438596491: 14.998252
PT_9_22.Bdend.0.11754385964912281: 15.000000
PT_9_23.Adend1.0.7070175438596491: 0.188440
PT_9_23.Adend2.0.48596491228070177: 0.003917
PT_9_23.Adend3.0.5421052631578948: 0.001799
PT_9_23.Bdend.0.3175438596491228: 0.003304
PT_9_24.Adend1.0.2894736842105263: 0.001318
PT_9_24.Adend2.0.6368421052631579: 0.001507
PT_9_24.Adend3.0.2719298245614035: 0.001584
PT_9_24.Bdend.0.6403508771929824: 0.006258
PT_9_25.Adend1.0.09298245614035089: 0.000726
PT_9_25.Adend2.0.2789473684210526: 0.000779
PT_9_25.Adend3.0.8578947368421053: 0.000718
PT_9_25.Bdend.0.2192982456140351: 0.000781
PT_9_26.Adend1.0.7491228070175439: 0.699809
PT_9_26.Adend2.0.9421052631578948: 0.865142
PT_9_26.Adend3.0.9175438596491228: 0.316206
PT_9_26.Bdend.0.15964912280701754: 0.566026
PT_9_27.Adend1.0.3491228070175439: 0.019836
PT_9_27.Adend2.0.756140350877193: 0.001817
PT_9_27.Adend3.0.4649122807017544: 0.007349
PT_9_27.Bdend.0.44035087719298244: 0.022361
PT_9_28.Adend1.0.980701754385965: 0.061035
PT_9_28.Adend2.0.2824561403508772: 0.005627
PT_9_28.Adend3.0.7771929824561403: 0.012484
PT_9_28.Bdend.0.3912280701754386: 0.042193
PT_9_29.Adend1.0.7982456140350878: 0.003919
PT_9_29.Adend2.0.7842105263157895: 0.008272
PT_9_29.Adend3.0.8649122807017544: 0.002764
PT_9_29.Bdend.0.38070175438596493: 0.002904
PT_9_30.soma.0.8020833333333333: 0.003445
PT_9_31.soma.0.21875: 0.003745
PT_9_32.soma.0.84375: 0.003424
PT_9_33.soma.0.9895833333333333: 0.003336
PT_9_34.soma.0.19791666666666666: 0.003760
PT_9_35.soma.0.05208333333333333: 0.003748
PT_9_36.soma.0.7604166666666666: 0.003486
PT_9_37.soma.0.6354166666666666: 0.003638
PT_9_38.soma.0.42708333333333337: 0.003749
PT_9_39.soma.0.90625: 0.003396
SOM_29_0.soma.0.10714285714285714: 0.004838
SOM_29_1.soma.0.2976190476190476: 0.004813
SOM_29_10.soma.0.25: 0.004892
SOM_29_11.soma.0.7261904761904762: 0.004654
SOM_29_12.soma.0.27380952380952384: 0.004872
SOM_29_13.soma.0.8452380952380952: 0.004928
SOM_29_14.soma.0.36904761904761907: 0.004527
SOM_29_15.soma.0.75: 0.004726
SOM_29_16.soma.0.7023809523809523: 0.004628
SOM_29_17.soma.0.8214285714285714: 0.004864
SOM_29_18.soma.0.6547619047619048: 0.004523
SOM_29_19.soma.0.05952380952380952: 0.004841
SOM_29_2.soma.0.34523809523809523: 0.004629
SOM_29_20.soma.0.5357142857142857: 0.004276
SOM_29_21.soma.0.32142857142857145: 0.004707
SOM_29_22.soma.0.44047619047619047: 0.004308
SOM_29_23.soma.0.17857142857142855: 0.004871
SOM_29_24.soma.0.869047619047619: 0.004958
SOM_29_25.soma.0.4166666666666667: 0.004294
SOM_29_26.soma.0.5119047619047619: 0.004286
SOM_29_27.soma.0.5595238095238095: 0.004324
SOM_29_28.soma.0.9166666666666666: 0.004983
SOM_29_3.soma.0.5833333333333333: 0.004367
SOM_29_30.soma.0.22619047619047616: 0.004867
SOM_29_31.soma.0.6071428571428571: 0.004452
SOM_29_32.soma.0.9404761904761905: 0.004978
SOM_29_33.soma.0.13095238095238093: 0.004858
SOM_29_34.soma.0.8928571428571428: 0.004962
SOM_29_35.soma.0.4880952380952381: 0.004301
SOM_29_36.soma.0.6785714285714285: 0.004568
SOM_29_37.soma.0.988095238095238: 0.005011
SOM_29_38.soma.0.7976190476190476: 0.004820
SOM_29_4.soma.0.011904761904761904: 0.004880
SOM_29_5.soma.0.03571428571428571: 0.004872
SOM_29_6.soma.0.20238095238095238: 0.004871
SOM_29_7.soma.0.9642857142857142: 0.005001
SOM_29_8.soma.0.15476190476190477: 0.004873
SOM_29_9.soma.0.6309523809523809: 0.004472
