Time: 20.000000000000306; Period: Before stimulation
PT_5_20.Adend1.0.2964912280701754: 0.004960
PT_5_20.Adend2.0.8754385964912281: 0.001697
PT_5_20.Adend3.0.8649122807017544: 0.001070
PT_5_20.Bdend.0.6964912280701755: 0.003943
PT_5_21.Adend1.0.8473684210526315: 0.000896
PT_5_21.Adend2.0.9456140350877194: 0.000911
PT_5_21.Adend3.0.08596491228070176: 0.000707
PT_5_21.Bdend.0.7210526315789474: 0.000823
PT_5_22.Adend1.0.015789473684210527: 14.996442
PT_5_22.Adend2.0.6649122807017543: 15.000000
PT_5_22.Adend3.0.45789473684210524: 14.888905
PT_5_22.Bdend.0.34210526315789475: 13.768720
PT_5_23.Adend1.0.8263157894736842: 0.116534
PT_5_23.Adend2.0.04736842105263158: 0.003795
PT_5_23.Adend3.0.48596491228070177: 0.007846
PT_5_23.Bdend.0.8473684210526315: 0.003920
PT_5_24.Adend1.0.5631578947368421: 0.002606
PT_5_24.Adend2.0.019298245614035085: 0.017751
PT_5_24.Adend3.0.18771929824561404: 0.009044
PT_5_24.Bdend.0.5807017543859649: 0.002507
PT_5_25.Adend1.0.1631578947368421: 0.000726
PT_5_25.Adend2.0.7350877192982456: 0.000696
PT_5_25.Adend3.0.7280701754385965: 0.001076
PT_5_25.Bdend.0.6263157894736843: 0.000746
PT_5_26.Adend1.0.5350877192982456: 0.163398
PT_5_26.Adend2.0.3666666666666667: 0.288113
PT_5_26.Adend3.0.1912280701754386: 0.084031
PT_5_26.Bdend.0.47192982456140353: 0.396242
PT_5_27.Adend1.0.1842105263157895: 0.075503
PT_5_27.Adend2.0.8052631578947369: 0.003355
PT_5_27.Adend3.0.5877192982456141: 0.014189
PT_5_27.Bdend.0.24035087719298245: 0.012098
PT_5_28.Adend1.0.724561403508772: 0.047784
PT_5_28.Adend2.0.6859649122807018: 0.026892
PT_5_28.Adend3.0.6017543859649123: 0.032986
PT_5_28.Bdend.0.05789473684210526: 0.176476
PT_5_29.Adend1.0.34210526315789475: 0.002645
PT_5_29.Adend2.0.14912280701754385: 0.003590
PT_5_29.Adend3.0.32456140350877194: 0.002918
PT_5_29.Bdend.0.49298245614035086: 0.003133
PT_5_30.soma.0.36458333333333337: 0.002615
PT_5_31.soma.0.5104166666666666: 0.002847
PT_5_32.soma.0.71875: 0.002956
PT_5_33.soma.0.010416666666666666: 0.002192
PT_5_34.soma.0.03125: 0.002203
PT_5_35.soma.0.65625: 0.002915
PT_5_36.soma.0.40625: 0.002670
PT_5_37.soma.0.05208333333333333: 0.002230
PT_5_38.soma.0.8229166666666666: 0.003016
PT_5_39.soma.0.3229166666666667: 0.002554
SOM_25_0.soma.0.34523809523809523: 0.012426
SOM_25_1.soma.0.6309523809523809: 0.015613
SOM_25_10.soma.0.7261904761904762: 0.018010
SOM_25_11.soma.0.4880952380952381: 0.013837
SOM_25_12.soma.0.39285714285714285: 0.013036
SOM_25_13.soma.0.13095238095238093: 0.010309
SOM_25_14.soma.0.2976190476190476: 0.011917
SOM_25_15.soma.0.9642857142857142: 4.537955
SOM_25_16.soma.0.7738095238095237: 0.050574
SOM_25_17.soma.0.36904761904761907: 0.012738
SOM_25_18.soma.0.6547619047619048: 0.016016
SOM_25_19.soma.0.8214285714285714: 0.436987
SOM_25_2.soma.0.10714285714285714: 0.010018
SOM_25_20.soma.0.6785714285714285: 0.016481
SOM_25_21.soma.0.011904761904761904: 0.008845
SOM_25_22.soma.0.22619047619047616: 0.011148
SOM_25_23.soma.0.32142857142857145: 0.012221
SOM_25_24.soma.0.05952380952380952: 0.009345
SOM_25_26.soma.0.4642857142857143: 0.013598
SOM_25_27.soma.0.44047619047619047: 0.013351
SOM_25_28.soma.0.7023809523809523: 0.017225
SOM_25_3.soma.0.75: 0.026697
SOM_25_30.soma.0.25: 0.011459
SOM_25_31.soma.0.869047619047619: 1.980263
SOM_25_32.soma.0.5357142857142857: 0.014175
SOM_25_33.soma.0.5833333333333333: 0.014546
SOM_25_34.soma.0.17857142857142855: 0.010843
SOM_25_35.soma.0.988095238095238: 4.478777
SOM_25_36.soma.0.08333333333333333: 0.009572
SOM_25_37.soma.0.9404761904761905: 3.744202
SOM_25_38.soma.0.20238095238095238: 0.010962
SOM_25_4.soma.0.15476190476190477: 0.010571
SOM_25_5.soma.0.03571428571428571: 0.009046
SOM_25_6.soma.0.27380952380952384: 0.011700
SOM_25_7.soma.0.8928571428571428: 2.607116
SOM_25_8.soma.0.8452380952380952: 1.579443
SOM_25_9.soma.0.5119047619047619: 0.013996
