Time: 20.000000000000306; Period: Before stimulation
PT_10_20.Adend1.0.07192982456140351: 0.001392
PT_10_20.Adend2.0.9070175438596492: 0.000761
PT_10_20.Adend3.0.6543859649122807: 0.001228
PT_10_20.Bdend.0.6719298245614035: 0.001850
PT_10_21.Adend1.0.7385964912280701: 0.000873
PT_10_21.Adend2.0.45087719298245615: 0.000985
PT_10_21.Adend3.0.0017543859649122807: 0.001728
PT_10_21.Bdend.0.8228070175438597: 0.001012
PT_10_22.Adend1.0.5491228070175439: 15.000000
PT_10_22.Adend2.0.5631578947368421: 14.836964
PT_10_22.Adend3.0.6789473684210526: 13.142924
PT_10_22.Bdend.0.10701754385964912: 12.425946
PT_10_23.Adend1.0.9666666666666667: 0.003470
PT_10_23.Adend2.0.3350877192982456: 0.150737
PT_10_23.Adend3.0.8824561403508772: 0.021608
PT_10_23.Bdend.0.08596491228070176: 0.003371
PT_10_24.Adend1.0.24385964912280703: 0.001749
PT_10_24.Adend2.0.9035087719298246: 0.000911
PT_10_24.Adend3.0.07543859649122807: 0.001016
PT_10_24.Bdend.0.6789473684210526: 0.001555
PT_10_25.Adend1.0.32105263157894737: 0.000898
PT_10_25.Adend2.0.8263157894736842: 0.000712
PT_10_25.Adend3.0.0824561403508772: 0.000781
PT_10_25.Bdend.0.07894736842105264: 0.000818
PT_10_26.Adend1.0.7947368421052632: 0.303719
PT_10_26.Adend2.0.6017543859649123: 0.299944
PT_10_26.Adend3.0.5877192982456141: 0.270587
PT_10_26.Bdend.0.8473684210526315: 0.259795
PT_10_27.Adend1.0.8298245614035088: 0.002451
PT_10_27.Adend2.0.8122807017543859: 0.002037
PT_10_27.Adend3.0.09298245614035089: 0.045491
PT_10_27.Bdend.0.3385964912280702: 0.012685
PT_10_28.Adend1.0.05789473684210526: 0.035354
PT_10_28.Adend2.0.8508771929824561: 0.038535
PT_10_28.Adend3.0.21578947368421053: 0.140866
PT_10_28.Bdend.0.8578947368421053: 0.034992
PT_10_29.Adend1.0.5842105263157895: 0.023374
PT_10_29.Adend2.0.8754385964912281: 0.002916
PT_10_29.Adend3.0.8228070175438597: 0.003392
PT_10_29.Bdend.0.8578947368421053: 0.035209
PT_10_30.soma.0.4479166666666667: 0.003802
PT_10_31.soma.0.90625: 0.004104
PT_10_32.soma.0.9479166666666666: 0.004154
PT_10_33.soma.0.30208333333333337: 0.003712
PT_10_34.soma.0.13541666666666666: 0.003705
PT_10_35.soma.0.21875: 0.003708
PT_10_36.soma.0.42708333333333337: 0.003774
PT_10_37.soma.0.8020833333333333: 0.004038
PT_10_38.soma.0.8854166666666666: 0.004089
PT_10_39.soma.0.28125: 0.003711
PV_30_0.soma.0.7962962962962963: 0.007555
PV_30_1.soma.0.2777777777777778: 0.005812
PV_30_10.soma.0.38888888888888884: 0.006086
PV_30_11.soma.0.7592592592592592: 0.007293
PV_30_12.soma.0.42592592592592593: 0.006141
PV_30_13.soma.0.7222222222222222: 0.007005
PV_30_14.soma.0.9814814814814814: 0.007978
PV_30_15.soma.0.38888888888888884: 0.006115
PV_30_16.soma.0.4629629629629629: 0.006127
PV_30_17.soma.0.09259259259259259: 0.005017
PV_30_18.soma.0.5740740740740741: 0.006481
PV_30_19.soma.0.7222222222222222: 0.007004
PV_30_2.soma.0.8333333333333333: 0.007934
PV_30_20.soma.0.24074074074074073: 0.005661
PV_30_21.soma.0.6851851851851851: 0.006748
PV_30_22.soma.0.5: 0.006269
PV_30_23.soma.0.35185185185185186: 0.005994
PV_30_24.soma.0.4629629629629629: 0.006144
PV_30_25.soma.0.09259259259259259: 0.005024
PV_30_26.soma.0.9074074074074073: 0.008027
PV_30_27.soma.0.611111111111111: 0.006544
PV_30_28.soma.0.16666666666666666: 0.005388
PV_30_3.soma.0.018518518518518517: 0.005213
PV_30_31.soma.0.05555555555555555: 0.005106
PV_30_32.soma.0.8703703703703703: 0.007942
PV_30_33.soma.0.4629629629629629: 0.006126
PV_30_34.soma.0.31481481481481477: 0.005925
PV_30_35.soma.0.09259259259259259: 0.005001
PV_30_36.soma.0.7592592592592592: 0.007264
PV_30_37.soma.0.2037037037037037: 0.005517
PV_30_38.soma.0.9444444444444444: 0.008012
PV_30_4.soma.0.537037037037037: 0.006406
PV_30_5.soma.0.8333333333333333: 0.007871
PV_30_6.soma.0.6481481481481481: 0.006644
PV_30_7.soma.0.12962962962962962: 0.005228
PV_30_8.soma.0.6851851851851851: 0.006736
PV_30_9.soma.0.12962962962962962: 0.005221
