Time: 20.000000000000306; Period: Before stimulation
PT_7_20.Adend1.0.9105263157894737: 0.001220
PT_7_20.Adend2.0.04035087719298246: 0.007454
PT_7_20.Adend3.0.531578947368421: 0.001438
PT_7_20.Bdend.0.9140350877192982: 0.003157
PT_7_21.Adend1.0.03684210526315789: 0.000724
PT_7_21.Adend2.0.7385964912280701: 0.000667
PT_7_21.Adend3.0.7947368421052632: 0.000978
PT_7_21.Bdend.0.24385964912280703: 0.001131
PT_7_22.Adend1.0.3456140350877193: 15.000000
PT_7_22.Adend2.0.8298245614035088: 0.510369
PT_7_22.Adend3.0.13508771929824562: 12.949941
PT_7_22.Bdend.0.24736842105263157: 0.005754
PT_7_23.Adend1.0.6859649122807018: 0.002200
PT_7_23.Adend2.0.12105263157894737: 0.003456
PT_7_23.Adend3.0.6543859649122807: 0.023212
PT_7_23.Bdend.0.724561403508772: 0.084086
PT_7_24.Adend1.0.19824561403508772: 0.001199
PT_7_24.Adend2.0.8122807017543859: 0.001335
PT_7_24.Adend3.0.8052631578947369: 0.001951
PT_7_24.Bdend.0.20526315789473684: 0.001448
PT_7_25.Adend1.0.9842105263157894: 0.000789
PT_7_25.Adend2.0.8543859649122807: 0.002004
PT_7_25.Adend3.0.7736842105263158: 0.001012
PT_7_25.Bdend.0.7491228070175439: 0.000763
PT_7_26.Adend1.0.22982456140350876: 1.028489
PT_7_26.Adend2.0.34210526315789475: 0.599484
PT_7_26.Adend3.0.30701754385964913: 0.533188
PT_7_26.Bdend.0.1456140350877193: 0.456389
PT_7_27.Adend1.0.156140350877193: 0.002180
PT_7_27.Adend2.0.8228070175438597: 0.003612
PT_7_27.Adend3.0.42280701754385963: 0.006069
PT_7_27.Bdend.0.6052631578947368: 0.001852
PT_7_28.Adend1.0.8473684210526315: 0.029596
PT_7_28.Adend2.0.5385964912280702: 0.028103
PT_7_28.Adend3.0.6578947368421053: 0.027301
PT_7_28.Bdend.0.756140350877193: 0.003525
PT_7_29.Adend1.0.8052631578947369: 0.003465
PT_7_29.Adend2.0.9947368421052631: 0.004554
PT_7_29.Adend3.0.9105263157894737: 0.003011
PT_7_29.Bdend.0.9666666666666667: 0.007869
PT_7_30.soma.0.9270833333333333: 0.002894
PT_7_31.soma.0.05208333333333333: 0.002859
PT_7_32.soma.0.53125: 0.002911
PT_7_33.soma.0.65625: 0.002737
PT_7_34.soma.0.9895833333333333: 0.002929
PT_7_35.soma.0.96875: 0.002919
PT_7_36.soma.0.59375: 0.002816
PT_7_37.soma.0.48958333333333337: 0.002938
PT_7_38.soma.0.07291666666666667: 0.002859
PT_7_39.soma.0.21875: 0.002885
SOM_27_0.soma.0.5357142857142857: 0.006063
SOM_27_1.soma.0.7738095238095237: 0.008144
SOM_27_10.soma.0.8452380952380952: 0.010052
SOM_27_11.soma.0.988095238095238: 0.011062
SOM_27_12.soma.0.25: 0.003488
SOM_27_13.soma.0.4880952380952381: 0.005808
SOM_27_14.soma.0.27380952380952384: 0.003650
SOM_27_15.soma.0.03571428571428571: 0.003604
SOM_27_16.soma.0.8928571428571428: 0.010405
SOM_27_17.soma.0.9166666666666666: 0.010579
SOM_27_18.soma.0.32142857142857145: 0.004154
SOM_27_19.soma.0.9642857142857142: 0.010833
SOM_27_2.soma.0.011904761904761904: 0.003701
SOM_27_20.soma.0.05952380952380952: 0.003516
SOM_27_21.soma.0.7261904761904762: 0.007006
SOM_27_22.soma.0.4166666666666667: 0.005299
SOM_27_23.soma.0.13095238095238093: 0.003355
SOM_27_24.soma.0.22619047619047616: 0.003358
SOM_27_25.soma.0.20238095238095238: 0.003237
SOM_27_26.soma.0.5833333333333333: 0.006407
SOM_27_28.soma.0.6785714285714285: 0.006845
SOM_27_3.soma.0.39285714285714285: 0.005044
SOM_27_30.soma.0.5119047619047619: 0.005886
SOM_27_31.soma.0.17857142857142855: 0.003276
SOM_27_32.soma.0.44047619047619047: 0.005354
SOM_27_33.soma.0.75: 0.007507
SOM_27_34.soma.0.08333333333333333: 0.003459
SOM_27_35.soma.0.5595238095238095: 0.006099
SOM_27_36.soma.0.6309523809523809: 0.006571
SOM_27_37.soma.0.8214285714285714: 0.009403
SOM_27_38.soma.0.4642857142857143: 0.005627
SOM_27_4.soma.0.869047619047619: 0.010390
SOM_27_5.soma.0.6071428571428571: 0.006490
SOM_27_6.soma.0.36904761904761907: 0.004787
SOM_27_7.soma.0.7023809523809523: 0.006883
SOM_27_8.soma.0.2976190476190476: 0.003895
SOM_27_9.soma.0.15476190476190477: 0.003304
