Time: 20.000000000000306; Period: Before stimulation
PT_10_20.Adend1.0.1456140350877193: 0.002033
PT_10_20.Adend2.0.612280701754386: 0.001706
PT_10_20.Adend3.0.8614035087719298: 0.001285
PT_10_20.Bdend.0.7736842105263158: 0.001621
PT_10_21.Adend1.0.2614035087719298: 0.001039
PT_10_21.Adend2.0.9385964912280702: 0.001524
PT_10_21.Adend3.0.1912280701754386: 0.003914
PT_10_21.Bdend.0.1456140350877193: 0.001247
PT_10_22.Adend1.0.08596491228070176: 6.008037
PT_10_22.Adend2.0.2929824561403509: 0.156610
PT_10_22.Adend3.0.5947368421052631: 3.005973
PT_10_22.Bdend.0.5526315789473685: 2.682487
PT_10_23.Adend1.0.32456140350877194: 15.000000
PT_10_23.Adend2.0.43333333333333335: 0.001481
PT_10_23.Adend3.0.7807017543859649: 0.001423
PT_10_23.Bdend.0.8614035087719298: 0.001080
PT_10_24.Adend1.0.5561403508771929: 0.000369
PT_10_24.Adend2.0.6473684210526316: 0.000458
PT_10_24.Adend3.0.9140350877192982: 0.000427
PT_10_24.Bdend.0.043859649122807015: 0.000518
PT_10_25.Adend1.0.11403508771929825: 0.005455
PT_10_25.Adend2.0.612280701754386: 0.001710
PT_10_25.Adend3.0.17017543859649123: 0.067543
PT_10_25.Bdend.0.12105263157894737: 0.005464
PT_10_26.Adend1.0.5561403508771929: 0.000369
PT_10_26.Adend2.0.05087719298245614: 0.001186
PT_10_26.Adend3.0.08947368421052632: 0.001260
PT_10_26.Bdend.0.1631578947368421: 0.005630
PT_10_27.Adend1.0.48947368421052634: 13.569111
PT_10_27.Adend2.0.8859649122807017: 2.706499
PT_10_27.Adend3.0.7456140350877193: 12.066154
PT_10_27.Bdend.0.04736842105263158: 0.001432
PT_10_28.Adend1.0.7596491228070176: 0.012956
PT_10_28.Adend2.0.956140350877193: 0.001913
PT_10_28.Adend3.0.9175438596491228: 0.001175
PT_10_28.Bdend.0.5701754385964912: 0.005743
PT_10_29.Adend1.0.9491228070175438: 0.001800
PT_10_29.Adend2.0.34210526315789475: 0.001491
PT_10_29.Adend3.0.3631578947368421: 0.001901
PT_10_29.Bdend.0.2754385964912281: 0.001505
PT_10_30.soma.0.9895833333333333: 0.001182
PT_10_31.soma.0.23958333333333331: 0.001242
PT_10_32.soma.0.09375: 0.001231
PT_10_33.soma.0.4479166666666667: 0.001267
PT_10_34.soma.0.19791666666666666: 0.001232
PT_10_35.soma.0.2604166666666667: 0.001242
PT_10_36.soma.0.8645833333333333: 0.001203
PT_10_37.soma.0.8229166666666666: 0.001212
PT_10_38.soma.0.48958333333333337: 0.001273
PT_10_39.soma.0.13541666666666666: 0.001229
PV_30_0.soma.0.8333333333333333: 1.052346
PV_30_1.soma.0.9814814814814814: 3.253988
PV_30_10.soma.0.8703703703703703: 0.993033
PV_30_11.soma.0.38888888888888884: 15.000000
PV_30_12.soma.0.537037037037037: 15.000000
PV_30_13.soma.0.2777777777777778: 15.000000
PV_30_14.soma.0.38888888888888884: 15.000000
PV_30_15.soma.0.7222222222222222: 14.817436
PV_30_16.soma.0.35185185185185186: 15.000000
PV_30_17.soma.0.611111111111111: 15.000000
PV_30_18.soma.0.8703703703703703: 0.993712
PV_30_19.soma.0.09259259259259259: 15.000000
PV_30_2.soma.0.8333333333333333: 1.053447
PV_30_20.soma.0.9444444444444444: 3.196322
PV_30_21.soma.0.42592592592592593: 15.000000
PV_30_22.soma.0.9074074074074073: 1.553057
PV_30_23.soma.0.09259259259259259: 15.000000
PV_30_24.soma.0.2037037037037037: 15.000000
PV_30_25.soma.0.5: 15.000000
PV_30_26.soma.0.7962962962962963: 2.175436
PV_30_27.soma.0.2777777777777778: 15.000000
PV_30_28.soma.0.9444444444444444: 3.198279
PV_30_3.soma.0.2037037037037037: 15.000000
PV_30_31.soma.0.6481481481481481: 14.999990
PV_30_32.soma.0.31481481481481477: 15.000000
PV_30_33.soma.0.7592592592592592: 8.725003
PV_30_34.soma.0.6851851851851851: 14.998271
PV_30_35.soma.0.4629629629629629: 15.000000
PV_30_36.soma.0.16666666666666666: 15.000000
PV_30_37.soma.0.05555555555555555: 15.000000
PV_30_38.soma.0.12962962962962962: 15.000000
PV_30_4.soma.0.8703703703703703: 0.995784
PV_30_5.soma.0.611111111111111: 15.000000
PV_30_6.soma.0.35185185185185186: 15.000000
PV_30_7.soma.0.24074074074074073: 15.000000
PV_30_8.soma.0.018518518518518517: 15.000000
PV_30_9.soma.0.537037037037037: 15.000000
