Time: 20.000000000000306; Period: Before stimulation
PT_18_20.Adend1.0.2543859649122807: 0.000940
PT_18_20.Adend2.0.6614035087719299: 0.001248
PT_18_20.Adend3.0.5456140350877193: 0.002133
PT_18_20.Bdend.0.956140350877193: 0.001066
PT_18_21.Adend1.0.5701754385964912: 0.011371
PT_18_21.Adend2.0.9280701754385965: 0.003533
PT_18_21.Adend3.0.8964912280701754: 0.001007
PT_18_21.Bdend.0.7: 0.001153
PT_18_22.Adend1.0.4824561403508772: 4.787789
PT_18_22.Adend2.0.1385964912280702: 7.115511
PT_18_22.Adend3.0.5842105263157895: 5.432794
PT_18_22.Bdend.0.6368421052631579: 4.103188
PT_18_23.Adend1.0.643859649122807: 0.002043
PT_18_23.Adend2.0.10350877192982456: 0.004090
PT_18_23.Adend3.0.2649122807017544: 0.001019
PT_18_23.Bdend.0.8964912280701754: 0.002550
PT_18_24.Adend1.0.7: 0.000471
PT_18_24.Adend2.0.8578947368421053: 0.000673
PT_18_24.Adend3.0.6087719298245614: 0.000406
PT_18_24.Bdend.0.41228070175438597: 0.000468
PT_18_25.Adend1.0.4263157894736842: 0.094368
PT_18_25.Adend2.0.48596491228070177: 0.006849
PT_18_25.Adend3.0.9596491228070175: 0.480431
PT_18_25.Bdend.0.7912280701754386: 0.037650
PT_18_26.Adend1.0.3280701754385965: 0.001231
PT_18_26.Adend2.0.4473684210526316: 0.003309
PT_18_26.Adend3.0.39473684210526316: 0.002936
PT_18_26.Bdend.0.10350877192982456: 0.002762
PT_18_27.Adend1.0.3140350877192983: 4.106252
PT_18_27.Adend2.0.5701754385964912: 9.205390
PT_18_27.Adend3.0.0543859649122807: 12.394510
PT_18_27.Bdend.0.47543859649122805: 5.732472
PT_18_28.Adend1.0.7491228070175439: 0.001616
PT_18_28.Adend2.0.6824561403508772: 0.015534
PT_18_28.Adend3.0.8719298245614036: 0.001084
PT_18_28.Bdend.0.9596491228070175: 0.001122
PT_18_29.Adend1.0.2614035087719298: 0.001000
PT_18_29.Adend2.0.9701754385964912: 0.005225
PT_18_29.Adend3.0.8052631578947369: 0.002623
PT_18_29.Bdend.0.9736842105263158: 0.001315
PT_18_30.soma.0.28125: 0.002215
PT_18_31.soma.0.07291666666666667: 0.002200
PT_18_32.soma.0.5520833333333333: 0.002518
PT_18_33.soma.0.3854166666666667: 0.002341
PT_18_34.soma.0.05208333333333333: 0.002190
PT_18_35.soma.0.13541666666666666: 0.002200
PT_18_36.soma.0.6354166666666666: 0.002521
PT_18_37.soma.0.8854166666666666: 0.002689
PT_18_38.soma.0.96875: 0.002752
PT_18_39.soma.0.65625: 0.002521
PV_38_0.soma.0.7592592592592592: 0.093257
PV_38_1.soma.0.7222222222222222: 0.085874
PV_38_10.soma.0.7592592592592592: 0.093572
PV_38_11.soma.0.16666666666666666: 0.112142
PV_38_12.soma.0.09259259259259259: 0.111587
PV_38_13.soma.0.35185185185185186: 0.092747
PV_38_14.soma.0.7962962962962963: 0.098164
PV_38_15.soma.0.31481481481481477: 0.095794
PV_38_16.soma.0.611111111111111: 0.074215
PV_38_17.soma.0.05555555555555555: 0.112000
PV_38_18.soma.0.38888888888888884: 0.087520
PV_38_19.soma.0.9444444444444444: 0.093756
PV_38_2.soma.0.24074074074074073: 0.103415
PV_38_20.soma.0.537037037037037: 0.071267
PV_38_21.soma.0.9814814814814814: 0.085731
PV_38_22.soma.0.6851851851851851: 0.078679
PV_38_23.soma.0.42592592592592593: 0.081501
PV_38_24.soma.0.7222222222222222: 0.086689
PV_38_25.soma.0.8703703703703703: 0.104347
PV_38_26.soma.0.537037037037037: 0.071644
PV_38_27.soma.0.24074074074074073: 0.103520
PV_38_28.soma.0.8333333333333333: 0.100588
PV_38_3.soma.0.7222222222222222: 0.085758
PV_38_30.soma.0.5740740740740741: 0.072546
PV_38_31.soma.0.5: 0.073622
PV_38_32.soma.0.5: 0.073747
PV_38_33.soma.0.9074074074074073: 0.099759
PV_38_34.soma.0.4629629629629629: 0.077395
PV_38_35.soma.0.24074074074074073: 0.102879
PV_38_36.soma.0.537037037037037: 0.071276
PV_38_37.soma.0.018518518518518517: 0.110900
PV_38_4.soma.0.6481481481481481: 0.071310
PV_38_5.soma.0.2037037037037037: 0.110307
PV_38_6.soma.0.16666666666666666: 0.112145
PV_38_7.soma.0.9814814814814814: 0.085679
PV_38_8.soma.0.38888888888888884: 0.087621
PV_38_9.soma.0.2037037037037037: 0.111177
