Time: 20.000000000000306; Period: Before stimulation
PT_3_20.Adend1.0.7771929824561403: 0.001141
PT_3_20.Adend2.0.08596491228070176: 0.002297
PT_3_20.Adend3.0.38070175438596493: 0.002284
PT_3_20.Bdend.0.18771929824561404: 0.001746
PT_3_21.Adend1.0.9421052631578948: 0.001336
PT_3_21.Adend2.0.6684210526315789: 0.001479
PT_3_21.Adend3.0.8333333333333334: 0.002010
PT_3_21.Bdend.0.1280701754385965: 0.001100
PT_3_22.Adend1.0.8333333333333334: 7.572363
PT_3_22.Adend2.0.30701754385964913: 2.074975
PT_3_22.Adend3.0.7912280701754386: 0.817268
PT_3_22.Bdend.0.2017543859649123: 1.018780
PT_3_23.Adend1.0.5140350877192983: 0.002009
PT_3_23.Adend2.0.09298245614035089: 0.002204
PT_3_23.Adend3.0.2894736842105263: 0.000945
PT_3_23.Bdend.0.7035087719298245: 0.002753
PT_3_24.Adend1.0.4052631578947368: 0.000451
PT_3_24.Adend2.0.16666666666666669: 0.000414
PT_3_24.Adend3.0.5105263157894737: 0.000601
PT_3_24.Bdend.0.7631578947368421: 0.000454
PT_3_25.Adend1.0.5070175438596491: 0.041308
PT_3_25.Adend2.0.3280701754385965: 0.003334
PT_3_25.Adend3.0.3701754385964912: 0.008692
PT_3_25.Bdend.0.08947368421052632: 0.059029
PT_3_26.Adend1.0.47192982456140353: 0.001819
PT_3_26.Adend2.0.06140350877192982: 0.001460
PT_3_26.Adend3.0.02631578947368421: 0.000847
PT_3_26.Bdend.0.16666666666666669: 0.002035
PT_3_27.Adend1.0.7947368421052632: 11.909935
PT_3_27.Adend2.0.3456140350877193: 3.408432
PT_3_27.Adend3.0.2017543859649123: 7.864026
PT_3_27.Bdend.0.7175438596491228: 0.219912
PT_3_28.Adend1.0.7666666666666667: 0.001404
PT_3_28.Adend2.0.4298245614035088: 0.001464
PT_3_28.Adend3.0.2578947368421053: 0.001764
PT_3_28.Bdend.0.03333333333333333: 0.003397
PT_3_29.Adend1.0.0543859649122807: 0.001518
PT_3_29.Adend2.0.35964912280701755: 0.002266
PT_3_29.Adend3.0.02631578947368421: 0.000848
PT_3_29.Bdend.0.043859649122807015: 0.002534
PT_3_30.soma.0.03125: 0.004020
PT_3_31.soma.0.3229166666666667: 0.004613
PT_3_32.soma.0.13541666666666666: 0.004211
PT_3_33.soma.0.96875: 0.005128
PT_3_34.soma.0.9895833333333333: 0.005134
PT_3_35.soma.0.59375: 0.005101
PT_3_36.soma.0.84375: 0.005105
PT_3_37.soma.0.17708333333333331: 0.004291
PT_3_38.soma.0.71875: 0.005122
PT_3_39.soma.0.9479166666666666: 0.005095
SOM_23_0.soma.0.2976190476190476: 0.305521
SOM_23_1.soma.0.75: 0.238884
SOM_23_10.soma.0.13095238095238093: 0.455576
SOM_23_11.soma.0.25: 0.350533
SOM_23_12.soma.0.44047619047619047: 0.271648
SOM_23_13.soma.0.08333333333333333: 0.473034
SOM_23_14.soma.0.988095238095238: 0.331706
SOM_23_15.soma.0.869047619047619: 0.297572
SOM_23_16.soma.0.17857142857142855: 0.426489
SOM_23_17.soma.0.6785714285714285: 0.219850
SOM_23_18.soma.0.5595238095238095: 0.254006
SOM_23_19.soma.0.4642857142857143: 0.273208
SOM_23_2.soma.0.20238095238095238: 0.396252
SOM_23_20.soma.0.7976190476190476: 0.262920
SOM_23_21.soma.0.34523809523809523: 0.271398
SOM_23_22.soma.0.32142857142857145: 0.291721
SOM_23_24.soma.0.8452380952380952: 0.279331
SOM_23_25.soma.0.8928571428571428: 0.328250
SOM_23_26.soma.0.6547619047619048: 0.224837
SOM_23_27.soma.0.6309523809523809: 0.228764
SOM_23_28.soma.0.011904761904761904: 0.443620
SOM_23_3.soma.0.5357142857142857: 0.264773
SOM_23_30.soma.0.27380952380952384: 0.324175
SOM_23_31.soma.0.4880952380952381: 0.267343
SOM_23_32.soma.0.5833333333333333: 0.238755
SOM_23_33.soma.0.22619047619047616: 0.363183
SOM_23_34.soma.0.9404761904761905: 0.331088
SOM_23_35.soma.0.4166666666666667: 0.269220
SOM_23_36.soma.0.36904761904761907: 0.267147
SOM_23_37.soma.0.6071428571428571: 0.235138
SOM_23_38.soma.0.8214285714285714: 0.269694
SOM_23_4.soma.0.7261904761904762: 0.227271
SOM_23_5.soma.0.5119047619047619: 0.270335
SOM_23_6.soma.0.7023809523809523: 0.227242
SOM_23_7.soma.0.10714285714285714: 0.464006
SOM_23_8.soma.0.15476190476190477: 0.445450
SOM_23_9.soma.0.03571428571428571: 0.460274
