Time: 20.000000000000306; Period: Before stimulation
PT_11_20.Adend1.0.5736842105263158: 0.001918
PT_11_20.Adend2.0.8894736842105263: 0.001610
PT_11_20.Adend3.0.6403508771929824: 0.001774
PT_11_20.Bdend.0.04736842105263158: 0.008763
PT_11_21.Adend1.0.8754385964912281: 0.011242
PT_11_21.Adend2.0.6964912280701755: 0.001722
PT_11_21.Adend3.0.34210526315789475: 0.001522
PT_11_21.Bdend.0.07192982456140351: 0.001317
PT_11_22.Adend1.0.21578947368421053: 6.977548
PT_11_22.Adend2.0.8403508771929825: 0.605778
PT_11_22.Adend3.0.7421052631578947: 3.416798
PT_11_22.Bdend.0.8473684210526315: 0.004811
PT_11_23.Adend1.0.8263157894736842: 0.003014
PT_11_23.Adend2.0.7701754385964912: 0.001006
PT_11_23.Adend3.0.9070175438596492: 0.001246
PT_11_23.Bdend.0.8473684210526315: 0.004815
PT_11_24.Adend1.0.5245614035087719: 0.000564
PT_11_24.Adend2.0.5175438596491229: 0.000510
PT_11_24.Adend3.0.3701754385964912: 0.000421
PT_11_24.Bdend.0.4298245614035088: 0.000670
PT_11_25.Adend1.0.43333333333333335: 0.055234
PT_11_25.Adend2.0.42280701754385963: 0.122939
PT_11_25.Adend3.0.49298245614035086: 0.010026
PT_11_25.Bdend.0.2789473684210526: 0.021022
PT_11_26.Adend1.0.8543859649122807: 0.001055
PT_11_26.Adend2.0.7631578947368421: 0.001884
PT_11_26.Adend3.0.17719298245614035: 0.002057
PT_11_26.Bdend.0.7385964912280701: 0.005092
PT_11_27.Adend1.0.04035087719298246: 9.490646
PT_11_27.Adend2.0.6508771929824562: 9.991297
PT_11_27.Adend3.0.2192982456140351: 8.785670
PT_11_27.Bdend.0.47192982456140353: 9.234339
PT_11_28.Adend1.0.9035087719298246: 0.001520
PT_11_28.Adend2.0.6263157894736843: 0.001135
PT_11_28.Adend3.0.868421052631579: 0.001156
PT_11_28.Bdend.0.42280701754385963: 0.002175
PT_11_29.Adend1.0.34210526315789475: 0.007413
PT_11_29.Adend2.0.43333333333333335: 0.001589
PT_11_29.Adend3.0.6578947368421053: 15.000000
PT_11_29.Bdend.0.21578947368421053: 0.003078
PT_11_30.soma.0.19791666666666666: 0.002312
PT_11_31.soma.0.07291666666666667: 0.002309
PT_11_32.soma.0.7395833333333333: 0.002906
PT_11_33.soma.0.8229166666666666: 0.002962
PT_11_34.soma.0.03125: 0.002299
PT_11_35.soma.0.36458333333333337: 0.002521
PT_11_36.soma.0.6770833333333333: 0.002861
PT_11_37.soma.0.84375: 0.002980
PT_11_38.soma.0.34375: 0.002496
PT_11_39.soma.0.21875: 0.002324
PV_31_0.soma.0.42592592592592593: 0.065205
PV_31_1.soma.0.31481481481481477: 0.087851
PV_31_10.soma.0.611111111111111: 0.037134
PV_31_11.soma.0.24074074074074073: 0.103004
PV_31_12.soma.0.8703703703703703: 0.025116
PV_31_13.soma.0.9074074074074073: 0.028379
PV_31_14.soma.0.16666666666666666: 0.111579
PV_31_15.soma.0.537037037037037: 0.051430
PV_31_16.soma.0.35185185185185186: 0.081400
PV_31_17.soma.0.05555555555555555: 0.126589
PV_31_18.soma.0.09259259259259259: 0.122037
PV_31_19.soma.0.8333333333333333: 0.029389
PV_31_2.soma.0.6851851851851851: 0.025696
PV_31_20.soma.0.611111111111111: 0.039803
PV_31_21.soma.0.6481481481481481: 0.031553
PV_31_22.soma.0.5: 0.060848
PV_31_23.soma.0.35185185185185186: 0.084343
PV_31_24.soma.0.7222222222222222: 0.027504
PV_31_25.soma.0.9814814814814814: 0.025244
PV_31_26.soma.0.24074074074074073: 0.098575
PV_31_27.soma.0.7592592592592592: 0.023930
PV_31_28.soma.0.7962962962962963: 0.022707
PV_31_3.soma.0.31481481481481477: 0.088810
PV_31_30.soma.0.9444444444444444: 0.023574
PV_31_32.soma.0.12962962962962962: 0.114632
PV_31_33.soma.0.018518518518518517: 0.135387
PV_31_34.soma.0.611111111111111: 0.037159
PV_31_35.soma.0.09259259259259259: 0.122331
PV_31_36.soma.0.2037037037037037: 0.103514
PV_31_37.soma.0.05555555555555555: 0.125347
PV_31_38.soma.0.9444444444444444: 0.030798
PV_31_4.soma.0.12962962962962962: 0.116056
PV_31_5.soma.0.6851851851851851: 0.029509
PV_31_6.soma.0.5740740740740741: 0.042645
PV_31_7.soma.0.018518518518518517: 0.136717
PV_31_8.soma.0.4629629629629629: 0.064468
PV_31_9.soma.0.09259259259259259: 0.123742
