Time: 20.000000000000306; Period: Before stimulation
PT_15_20.Adend1.0.03333333333333333: 0.001736
PT_15_20.Adend2.0.4614035087719298: 0.001216
PT_15_20.Adend3.0.7807017543859649: 0.002216
PT_15_20.Bdend.0.9245614035087719: 0.001191
PT_15_21.Adend1.0.04035087719298246: 0.001001
PT_15_21.Adend2.0.19473684210526315: 0.002780
PT_15_21.Adend3.0.11403508771929825: 0.001480
PT_15_21.Bdend.0.5491228070175439: 0.001406
PT_15_22.Adend1.0.39824561403508774: 1.992511
PT_15_22.Adend2.0.043859649122807015: 1.841891
PT_15_22.Adend3.0.11754385964912281: 0.019724
PT_15_22.Bdend.0.07543859649122807: 0.036643
PT_15_23.Adend1.0.35964912280701755: 0.001341
PT_15_23.Adend2.0.2719298245614035: 0.001573
PT_15_23.Adend3.0.8157894736842105: 0.002274
PT_15_23.Bdend.0.7210526315789474: 0.001349
PT_15_24.Adend1.0.44035087719298244: 0.000444
PT_15_24.Adend2.0.9385964912280702: 0.000396
PT_15_24.Adend3.0.39824561403508774: 0.000515
PT_15_24.Bdend.0.32456140350877194: 0.000669
PT_15_25.Adend1.0.03333333333333333: 0.001730
PT_15_25.Adend2.0.2543859649122807: 0.006159
PT_15_25.Adend3.0.4473684210526316: 0.012665
PT_15_25.Bdend.0.643859649122807: 0.011842
PT_15_26.Adend1.0.14912280701754385: 0.003160
PT_15_26.Adend2.0.02631578947368421: 0.001046
PT_15_26.Adend3.0.724561403508772: 0.001030
PT_15_26.Bdend.0.06842105263157895: 0.002640
PT_15_27.Adend1.0.8192982456140351: 4.788198
PT_15_27.Adend2.0.724561403508772: 10.691633
PT_15_27.Adend3.0.5245614035087719: 10.763286
PT_15_27.Bdend.0.3491228070175439: 10.861703
PT_15_28.Adend1.0.4614035087719298: 0.001281
PT_15_28.Adend2.0.643859649122807: 0.001368
PT_15_28.Adend3.0.0017543859649122807: 0.001336
PT_15_28.Bdend.0.9: 0.036909
PT_15_29.Adend1.0.5701754385964912: 0.002696
PT_15_29.Adend2.0.24736842105263157: 0.002771
PT_15_29.Adend3.0.7: 0.001213
PT_15_29.Bdend.0.7947368421052632: 0.001432
PT_15_30.soma.0.17708333333333331: 0.001265
PT_15_31.soma.0.03125: 0.001263
PT_15_32.soma.0.9270833333333333: 0.001624
PT_15_33.soma.0.13541666666666666: 0.001263
PT_15_34.soma.0.7395833333333333: 0.001539
PT_15_35.soma.0.34375: 0.001349
PT_15_36.soma.0.15625: 0.001262
PT_15_37.soma.0.8229166666666666: 0.001582
PT_15_38.soma.0.21875: 0.001285
PT_15_39.soma.0.46875: 0.001425
PV_35_0.soma.0.6481481481481481: 0.012356
PV_35_1.soma.0.7962962962962963: 0.013840
PV_35_10.soma.0.7222222222222222: 0.013174
PV_35_11.soma.0.2777777777777778: 0.008849
PV_35_12.soma.0.8333333333333333: 0.014296
PV_35_13.soma.0.5740740740740741: 0.011448
PV_35_14.soma.0.12962962962962962: 0.008620
PV_35_15.soma.0.9074074074074073: 0.015145
PV_35_16.soma.0.9814814814814814: 0.015872
PV_35_17.soma.0.9444444444444444: 0.015637
PV_35_18.soma.0.35185185185185186: 0.009219
PV_35_19.soma.0.5: 0.010634
PV_35_2.soma.0.05555555555555555: 0.008524
PV_35_20.soma.0.24074074074074073: 0.008722
PV_35_21.soma.0.31481481481481477: 0.008839
PV_35_22.soma.0.018518518518518517: 0.008546
PV_35_23.soma.0.05555555555555555: 0.008602
PV_35_24.soma.0.7962962962962963: 0.014013
PV_35_25.soma.0.537037037037037: 0.010934
PV_35_26.soma.0.018518518518518517: 0.008564
PV_35_27.soma.0.9444444444444444: 0.015517
PV_35_28.soma.0.5740740740740741: 0.011495
PV_35_3.soma.0.8703703703703703: 0.014744
PV_35_30.soma.0.4629629629629629: 0.010202
PV_35_31.soma.0.9074074074074073: 0.015126
PV_35_32.soma.0.09259259259259259: 0.008593
PV_35_33.soma.0.38888888888888884: 0.009548
PV_35_34.soma.0.7592592592592592: 0.013584
PV_35_36.soma.0.5740740740740741: 0.011392
PV_35_37.soma.0.2037037037037037: 0.008665
PV_35_38.soma.0.16666666666666666: 0.008618
PV_35_4.soma.0.42592592592592593: 0.009834
PV_35_5.soma.0.7222222222222222: 0.013185
PV_35_6.soma.0.38888888888888884: 0.009547
PV_35_7.soma.0.5: 0.010546
PV_35_8.soma.0.6851851851851851: 0.012797
PV_35_9.soma.0.018518518518518517: 0.008600
