Time: 20.000000000000306; Period: Before stimulation
PT_17_20.Adend1.0.48947368421052634: 0.001156
PT_17_20.Adend2.0.12105263157894737: 0.001599
PT_17_20.Adend3.0.1631578947368421: 0.001299
PT_17_20.Bdend.0.3842105263157895: 0.001702
PT_17_21.Adend1.0.5070175438596491: 0.001605
PT_17_21.Adend2.0.6894736842105263: 0.002928
PT_17_21.Adend3.0.5245614035087719: 0.001912
PT_17_21.Bdend.0.8017543859649123: 0.001162
PT_17_22.Adend1.0.19473684210526315: 8.200876
PT_17_22.Adend2.0.41578947368421054: 2.602647
PT_17_22.Adend3.0.03684210526315789: 1.078396
PT_17_22.Bdend.0.03684210526315789: 0.106225
PT_17_23.Adend1.0.612280701754386: 0.001543
PT_17_23.Adend2.0.18771929824561404: 0.001153
PT_17_23.Adend3.0.787719298245614: 0.001119
PT_17_23.Bdend.0.48596491228070177: 0.001301
PT_17_24.Adend1.0.0649122807017544: 0.000399
PT_17_24.Adend2.0.6333333333333333: 0.000416
PT_17_24.Adend3.0.22982456140350876: 0.000430
PT_17_24.Bdend.0.980701754385965: 0.000531
PT_17_25.Adend1.0.9596491228070175: 0.003307
PT_17_25.Adend2.0.16666666666666669: 0.011484
PT_17_25.Adend3.0.5666666666666667: 0.011097
PT_17_25.Bdend.0.5245614035087719: 0.011693
PT_17_26.Adend1.0.0017543859649122807: 0.001254
PT_17_26.Adend2.0.8578947368421053: 0.001566
PT_17_26.Adend3.0.21578947368421053: 0.001424
PT_17_26.Bdend.0.8578947368421053: 0.001251
PT_17_27.Adend1.0.19824561403508772: 6.809245
PT_17_27.Adend2.0.07543859649122807: 5.931296
PT_17_27.Adend3.0.7140350877192982: 4.352862
PT_17_27.Bdend.0.7350877192982456: 9.765954
PT_17_28.Adend1.0.8754385964912281: 0.001808
PT_17_28.Adend2.0.18771929824561404: 0.001152
PT_17_28.Adend3.0.5245614035087719: 0.001915
PT_17_28.Bdend.0.4263157894736842: 0.002487
PT_17_29.Adend1.0.8087719298245614: 0.002233
PT_17_29.Adend2.0.5175438596491229: 0.001902
PT_17_29.Adend3.0.6614035087719299: 15.000000
PT_17_29.Bdend.0.6543859649122807: 15.000000
PT_17_30.soma.0.9895833333333333: 0.001170
PT_17_31.soma.0.2604166666666667: 0.001313
PT_17_32.soma.0.5520833333333333: 0.001298
PT_17_33.soma.0.8020833333333333: 0.001220
PT_17_34.soma.0.23958333333333331: 0.001314
PT_17_35.soma.0.7604166666666666: 0.001229
PT_17_36.soma.0.8645833333333333: 0.001201
PT_17_37.soma.0.11458333333333334: 0.001321
PT_17_38.soma.0.19791666666666666: 0.001320
PT_17_39.soma.0.5729166666666666: 0.001287
PV_37_0.soma.0.9074074074074073: 15.000000
PV_37_1.soma.0.5: 14.999998
PV_37_10.soma.0.6481481481481481: 15.000000
PV_37_11.soma.0.24074074074074073: 15.000000
PV_37_12.soma.0.09259259259259259: 15.000000
PV_37_13.soma.0.9074074074074073: 15.000000
PV_37_14.soma.0.9444444444444444: 15.000000
PV_37_15.soma.0.018518518518518517: 15.000000
PV_37_16.soma.0.05555555555555555: 15.000000
PV_37_17.soma.0.611111111111111: 14.999991
PV_37_18.soma.0.7592592592592592: 15.000000
PV_37_19.soma.0.9814814814814814: 15.000000
PV_37_2.soma.0.7592592592592592: 15.000000
PV_37_20.soma.0.16666666666666666: 15.000000
PV_37_21.soma.0.7222222222222222: 14.999999
PV_37_22.soma.0.8333333333333333: 15.000000
PV_37_23.soma.0.7962962962962963: 15.000000
PV_37_24.soma.0.42592592592592593: 15.000000
PV_37_25.soma.0.5740740740740741: 14.999985
PV_37_26.soma.0.2777777777777778: 15.000000
PV_37_27.soma.0.018518518518518517: 15.000000
PV_37_28.soma.0.38888888888888884: 15.000000
PV_37_3.soma.0.38888888888888884: 15.000000
PV_37_30.soma.0.09259259259259259: 15.000000
PV_37_31.soma.0.12962962962962962: 15.000000
PV_37_32.soma.0.35185185185185186: 15.000000
PV_37_33.soma.0.8703703703703703: 15.000000
PV_37_34.soma.0.8333333333333333: 15.000000
PV_37_35.soma.0.8333333333333333: 15.000000
PV_37_36.soma.0.6481481481481481: 14.999999
PV_37_38.soma.0.2037037037037037: 15.000000
PV_37_4.soma.0.537037037037037: 14.999961
PV_37_5.soma.0.31481481481481477: 15.000000
PV_37_6.soma.0.6851851851851851: 15.000000
PV_37_7.soma.0.611111111111111: 14.999996
PV_37_8.soma.0.6851851851851851: 15.000000
PV_37_9.soma.0.9814814814814814: 15.000000
