Time: 20.000000000000306; Period: Before stimulation
PT_0_20.Adend1.0.17017543859649123: 0.003161
PT_0_20.Adend2.0.3631578947368421: 0.002150
PT_0_20.Adend3.0.015789473684210527: 0.001236
PT_0_20.Bdend.0.25087719298245614: 0.002168
PT_0_21.Adend1.0.3701754385964912: 0.001041
PT_0_21.Adend2.0.956140350877193: 0.001657
PT_0_21.Adend3.0.7280701754385965: 0.001074
PT_0_21.Bdend.0.7385964912280701: 0.001152
PT_0_22.Adend1.0.0017543859649122807: 0.000876
PT_0_22.Adend2.0.22280701754385965: 0.006727
PT_0_22.Adend3.0.09298245614035089: 0.465386
PT_0_22.Bdend.0.6754385964912281: 3.876302
PT_0_23.Adend1.0.02631578947368421: 0.001038
PT_0_23.Adend2.0.0017543859649122807: 0.001241
PT_0_23.Adend3.0.7175438596491228: 0.001259
PT_0_23.Bdend.0.4192982456140351: 0.002615
PT_0_24.Adend1.0.0017543859649122807: 0.000875
PT_0_24.Adend2.0.22631578947368422: 0.000749
PT_0_24.Adend3.0.5912280701754385: 0.000408
PT_0_24.Bdend.0.12456140350877193: 0.000438
PT_0_25.Adend1.0.1105263157894737: 0.001377
PT_0_25.Adend2.0.7140350877192982: 0.024808
PT_0_25.Adend3.0.24385964912280703: 0.012570
PT_0_25.Bdend.0.8087719298245614: 0.014020
PT_0_26.Adend1.0.6403508771929824: 0.001408
PT_0_26.Adend2.0.2543859649122807: 0.002105
PT_0_26.Adend3.0.48596491228070177: 0.000987
PT_0_26.Bdend.0.019298245614035085: 0.003445
PT_0_27.Adend1.0.6087719298245614: 13.550683
PT_0_27.Adend2.0.3315789473684211: 7.328572
PT_0_27.Adend3.0.005263157894736842: 0.248893
PT_0_27.Bdend.0.7105263157894737: 11.869918
PT_0_28.Adend1.0.8298245614035088: 0.008302
PT_0_28.Adend2.0.2017543859649123: 0.001192
PT_0_28.Adend3.0.4824561403508772: 0.001400
PT_0_28.Bdend.0.9385964912280702: 0.005137
PT_0_29.Adend1.0.1105263157894737: 0.001379
PT_0_29.Adend2.0.5736842105263158: 0.001435
PT_0_29.Adend3.0.8824561403508772: 0.001876
PT_0_29.Bdend.0.6473684210526316: 0.001694
PT_0_30.soma.0.7395833333333333: 0.001236
PT_0_31.soma.0.8854166666666666: 0.001214
PT_0_32.soma.0.03125: 0.001305
PT_0_33.soma.0.21875: 0.001303
PT_0_34.soma.0.7604166666666666: 0.001225
PT_0_35.soma.0.3854166666666667: 0.001301
PT_0_36.soma.0.11458333333333334: 0.001302
PT_0_37.soma.0.23958333333333331: 0.001305
PT_0_38.soma.0.09375: 0.001306
PT_0_39.soma.0.48958333333333337: 0.001302
SOM_20_0.soma.0.44047619047619047: 0.069551
SOM_20_1.soma.0.08333333333333333: 0.207365
SOM_20_10.soma.0.4642857142857143: 0.065788
SOM_20_11.soma.0.39285714285714285: 0.079730
SOM_20_12.soma.0.2976190476190476: 0.109628
SOM_20_13.soma.0.6547619047619048: 0.047422
SOM_20_14.soma.0.5357142857142857: 0.058199
SOM_20_15.soma.0.13095238095238093: 0.182864
SOM_20_16.soma.0.25: 0.132145
SOM_20_17.soma.0.9642857142857142: 0.027533
SOM_20_18.soma.0.7976190476190476: 0.034560
SOM_20_19.soma.0.22619047619047616: 0.145151
SOM_20_2.soma.0.34523809523809523: 0.091120
SOM_20_21.soma.0.988095238095238: 0.026798
SOM_20_22.soma.0.8928571428571428: 0.029179
SOM_20_23.soma.0.4880952380952381: 0.063893
SOM_20_24.soma.0.7261904761904762: 0.040878
SOM_20_25.soma.0.8452380952380952: 0.031334
SOM_20_26.soma.0.7738095238095237: 0.037375
SOM_20_27.soma.0.17857142857142855: 0.166295
SOM_20_28.soma.0.4166666666666667: 0.074153
SOM_20_3.soma.0.6309523809523809: 0.049462
SOM_20_30.soma.0.6785714285714285: 0.045043
SOM_20_31.soma.0.10714285714285714: 0.193799
SOM_20_32.soma.0.36904761904761907: 0.084270
SOM_20_33.soma.0.6071428571428571: 0.051216
SOM_20_34.soma.0.05952380952380952: 0.219342
SOM_20_35.soma.0.5833333333333333: 0.053652
SOM_20_36.soma.0.32142857142857145: 0.098913
SOM_20_37.soma.0.869047619047619: 0.029994
SOM_20_38.soma.0.7023809523809523: 0.042757
SOM_20_4.soma.0.8214285714285714: 0.031996
SOM_20_5.soma.0.9166666666666666: 0.028802
SOM_20_6.soma.0.75: 0.039336
SOM_20_7.soma.0.011904761904761904: 0.239294
SOM_20_8.soma.0.20238095238095238: 0.156700
SOM_20_9.soma.0.03571428571428571: 0.231927
