Time: 20.000000000000306; Period: Before stimulation
PT_2_20.Adend1.0.1736842105263158: 0.001401
PT_2_20.Adend2.0.7: 0.003698
PT_2_20.Adend3.0.47192982456140353: 0.001075
PT_2_20.Bdend.0.5140350877192983: 0.003822
PT_2_21.Adend1.0.1456140350877193: 0.001076
PT_2_21.Adend2.0.6368421052631579: 0.003997
PT_2_21.Adend3.0.2824561403508772: 0.001126
PT_2_21.Bdend.0.1912280701754386: 0.003094
PT_2_22.Adend1.0.4473684210526316: 1.340092
PT_2_22.Adend2.0.8333333333333334: 3.785932
PT_2_22.Adend3.0.019298245614035085: 2.272494
PT_2_22.Bdend.0.46842105263157896: 3.911092
PT_2_23.Adend1.0.5210526315789473: 0.001989
PT_2_23.Adend2.0.09649122807017545: 0.001179
PT_2_23.Adend3.0.8719298245614036: 0.000946
PT_2_23.Bdend.0.0017543859649122807: 0.001262
PT_2_24.Adend1.0.3280701754385965: 0.000474
PT_2_24.Adend2.0.38070175438596493: 0.000585
PT_2_24.Adend3.0.24736842105263157: 0.000412
PT_2_24.Bdend.0.9140350877192982: 0.000849
PT_2_25.Adend1.0.5280701754385965: 0.017551
PT_2_25.Adend2.0.012280701754385965: 0.005643
PT_2_25.Adend3.0.8298245614035088: 0.067375
PT_2_25.Bdend.0.4192982456140351: 0.005939
PT_2_26.Adend1.0.18771929824561404: 0.000932
PT_2_26.Adend2.0.7666666666666667: 0.002775
PT_2_26.Adend3.0.8052631578947369: 0.002706
PT_2_26.Bdend.0.2368421052631579: 0.001645
PT_2_27.Adend1.0.3315789473684211: 0.009902
PT_2_27.Adend2.0.7842105263157895: 3.189209
PT_2_27.Adend3.0.7842105263157895: 0.155558
PT_2_27.Bdend.0.7666666666666667: 7.554698
PT_2_28.Adend1.0.6087719298245614: 0.001290
PT_2_28.Adend2.0.34210526315789475: 0.003622
PT_2_28.Adend3.0.956140350877193: 0.001066
PT_2_28.Bdend.0.08596491228070176: 0.001656
PT_2_29.Adend1.0.13508771929824562: 0.004149
PT_2_29.Adend2.0.2368421052631579: 0.001747
PT_2_29.Adend3.0.7771929824561403: 0.002073
PT_2_29.Bdend.0.7: 0.001390
PT_2_30.soma.0.5520833333333333: 0.000963
PT_2_31.soma.0.17708333333333331: 0.000969
PT_2_32.soma.0.90625: 0.001045
PT_2_33.soma.0.13541666666666666: 0.000969
PT_2_34.soma.0.6770833333333333: 0.000983
PT_2_35.soma.0.28125: 0.000967
PT_2_36.soma.0.36458333333333337: 0.000968
PT_2_37.soma.0.21875: 0.000970
PT_2_38.soma.0.48958333333333337: 0.000969
PT_2_39.soma.0.59375: 0.000967
SOM_22_0.soma.0.4166666666666667: 0.002364
SOM_22_1.soma.0.6547619047619048: 0.004555
SOM_22_10.soma.0.10714285714285714: 0.003209
SOM_22_11.soma.0.44047619047619047: 0.002461
SOM_22_12.soma.0.8928571428571428: 0.007513
SOM_22_13.soma.0.5833333333333333: 0.003600
SOM_22_14.soma.0.9642857142857142: 0.009314
SOM_22_15.soma.0.36904761904761907: 0.002325
SOM_22_16.soma.0.6309523809523809: 0.004671
SOM_22_17.soma.0.9166666666666666: 0.008196
SOM_22_18.soma.0.08333333333333333: 0.003328
SOM_22_19.soma.0.9404761904761905: 0.008797
SOM_22_2.soma.0.22619047619047616: 0.002531
SOM_22_20.soma.0.20238095238095238: 0.002615
SOM_22_21.soma.0.39285714285714285: 0.002294
SOM_22_23.soma.0.75: 0.004545
SOM_22_24.soma.0.27380952380952384: 0.002393
SOM_22_25.soma.0.7261904761904762: 0.004487
SOM_22_26.soma.0.6785714285714285: 0.004322
SOM_22_27.soma.0.4642857142857143: 0.002559
SOM_22_28.soma.0.6071428571428571: 0.003983
SOM_22_3.soma.0.4880952380952381: 0.002691
SOM_22_30.soma.0.8214285714285714: 0.005428
SOM_22_31.soma.0.25: 0.002450
SOM_22_32.soma.0.15476190476190477: 0.002914
SOM_22_33.soma.0.2976190476190476: 0.002377
SOM_22_34.soma.0.7976190476190476: 0.004906
SOM_22_35.soma.0.7738095238095237: 0.004644
SOM_22_36.soma.0.8452380952380952: 0.005889
SOM_22_37.soma.0.5119047619047619: 0.002820
SOM_22_38.soma.0.32142857142857145: 0.002362
SOM_22_4.soma.0.869047619047619: 0.006613
SOM_22_5.soma.0.5357142857142857: 0.003019
SOM_22_6.soma.0.03571428571428571: 0.003406
SOM_22_7.soma.0.13095238095238093: 0.003159
SOM_22_8.soma.0.5595238095238095: 0.003323
SOM_22_9.soma.0.34523809523809523: 0.002346
