Time: 20.000000000000306; Period: Before stimulation
PT_5_20.Adend1.0.24385964912280703: 0.005391
PT_5_20.Adend2.0.10350877192982456: 0.003659
PT_5_20.Adend3.0.6684210526315789: 0.000962
PT_5_20.Bdend.0.5245614035087719: 0.003724
PT_5_21.Adend1.0.5526315789473685: 0.002257
PT_5_21.Adend2.0.4298245614035088: 0.008261
PT_5_21.Adend3.0.019298245614035085: 0.001556
PT_5_21.Bdend.0.4649122807017544: 0.010842
PT_5_22.Adend1.0.3491228070175439: 4.736142
PT_5_22.Adend2.0.2929824561403509: 1.069217
PT_5_22.Adend3.0.987719298245614: 2.481791
PT_5_22.Bdend.0.7982456140350878: 0.279699
PT_5_23.Adend1.0.13157894736842105: 0.001952
PT_5_23.Adend2.0.3736842105263158: 0.001300
PT_5_23.Adend3.0.7350877192982456: 0.001053
PT_5_23.Bdend.0.019298245614035085: 0.003301
PT_5_24.Adend1.0.2894736842105263: 0.000772
PT_5_24.Adend2.0.9245614035087719: 0.000479
PT_5_24.Adend3.0.3701754385964912: 0.000642
PT_5_24.Bdend.0.6052631578947368: 0.000465
PT_5_25.Adend1.0.13508771929824562: 0.004442
PT_5_25.Adend2.0.13508771929824562: 0.027452
PT_5_25.Adend3.0.3175438596491228: 0.011776
PT_5_25.Bdend.0.5210526315789473: 0.020448
PT_5_26.Adend1.0.6684210526315789: 0.005183
PT_5_26.Adend2.0.6614035087719299: 0.002846
PT_5_26.Adend3.0.23333333333333334: 0.008145
PT_5_26.Bdend.0.8157894736842105: 0.001366
PT_5_27.Adend1.0.4263157894736842: 10.976529
PT_5_27.Adend2.0.9947368421052631: 9.574610
PT_5_27.Adend3.0.8263157894736842: 6.441243
PT_5_27.Bdend.0.022807017543859647: 0.005310
PT_5_28.Adend1.0.9771929824561404: 0.003376
PT_5_28.Adend2.0.10701754385964912: 0.001550
PT_5_28.Adend3.0.5701754385964912: 0.001479
PT_5_28.Bdend.0.443859649122807: 0.001664
PT_5_29.Adend1.0.23333333333333334: 0.001341
PT_5_29.Adend2.0.18070175438596492: 0.001716
PT_5_29.Adend3.0.24035087719298245: 15.000000
PT_5_29.Bdend.0.8578947368421053: 0.002564
PT_5_30.soma.0.6770833333333333: 0.002783
PT_5_31.soma.0.07291666666666667: 0.002913
PT_5_32.soma.0.53125: 0.002914
PT_5_33.soma.0.9270833333333333: 0.002924
PT_5_34.soma.0.34375: 0.002902
PT_5_35.soma.0.42708333333333337: 0.002915
PT_5_36.soma.0.46875: 0.002924
PT_5_37.soma.0.09375: 0.002914
PT_5_38.soma.0.05208333333333333: 0.002912
PT_5_39.soma.0.3854166666666667: 0.002912
SOM_25_0.soma.0.36904761904761907: 0.028700
SOM_25_1.soma.0.8214285714285714: 0.037418
SOM_25_10.soma.0.08333333333333333: 0.031278
SOM_25_11.soma.0.20238095238095238: 0.029339
SOM_25_12.soma.0.7738095238095237: 0.037969
SOM_25_13.soma.0.15476190476190477: 0.030128
SOM_25_14.soma.0.25: 0.028340
SOM_25_15.soma.0.5357142857142857: 0.033769
SOM_25_16.soma.0.4880952380952381: 0.032518
SOM_25_17.soma.0.6071428571428571: 0.035890
SOM_25_18.soma.0.6785714285714285: 0.037497
SOM_25_19.soma.0.75: 0.038271
SOM_25_2.soma.0.9642857142857142: 0.037062
SOM_25_20.soma.0.13095238095238093: 0.030393
SOM_25_21.soma.0.2976190476190476: 0.027195
SOM_25_22.soma.0.03571428571428571: 0.031872
SOM_25_23.soma.0.17857142857142855: 0.029641
SOM_25_24.soma.0.8452380952380952: 0.037415
SOM_25_26.soma.0.39285714285714285: 0.029184
SOM_25_27.soma.0.32142857142857145: 0.027837
SOM_25_28.soma.0.5119047619047619: 0.033186
SOM_25_3.soma.0.10714285714285714: 0.030830
SOM_25_30.soma.0.7976190476190476: 0.037862
SOM_25_31.soma.0.4642857142857143: 0.031816
SOM_25_32.soma.0.5833333333333333: 0.034854
SOM_25_33.soma.0.9166666666666666: 0.036931
SOM_25_34.soma.0.34523809523809523: 0.028446
SOM_25_35.soma.0.988095238095238: 0.037206
SOM_25_36.soma.0.9404761904761905: 0.036929
SOM_25_37.soma.0.8928571428571428: 0.036997
SOM_25_38.soma.0.5595238095238095: 0.034534
SOM_25_4.soma.0.4166666666666667: 0.030021
SOM_25_5.soma.0.05952380952380952: 0.031613
SOM_25_6.soma.0.869047619047619: 0.037346
SOM_25_7.soma.0.7261904761904762: 0.038375
SOM_25_8.soma.0.011904761904761904: 0.032148
SOM_25_9.soma.0.22619047619047616: 0.029152
