Time: 20.000000000000306; Period: Before stimulation
PT_13_20.Adend1.0.3456140350877193: 0.001184
PT_13_20.Adend2.0.5491228070175439: 0.002447
PT_13_20.Adend3.0.6929824561403509: 0.001083
PT_13_20.Bdend.0.1736842105263158: 0.001772
PT_13_21.Adend1.0.7421052631578947: 0.001022
PT_13_21.Adend2.0.3280701754385965: 0.000960
PT_13_21.Adend3.0.6017543859649123: 0.000954
PT_13_21.Bdend.0.07894736842105264: 0.001173
PT_13_22.Adend1.0.5526315789473685: 2.212168
PT_13_22.Adend2.0.9105263157894737: 5.276613
PT_13_22.Adend3.0.956140350877193: 3.011268
PT_13_22.Bdend.0.5912280701754385: 8.829744
PT_13_23.Adend1.0.3: 0.002209
PT_13_23.Adend2.0.7421052631578947: 0.003463
PT_13_23.Adend3.0.6473684210526316: 0.001148
PT_13_23.Bdend.0.9315789473684211: 0.007863
PT_13_24.Adend1.0.6298245614035087: 0.000652
PT_13_24.Adend2.0.8228070175438597: 0.000572
PT_13_24.Adend3.0.6087719298245614: 0.000417
PT_13_24.Bdend.0.5210526315789473: 0.000423
PT_13_25.Adend1.0.8754385964912281: 0.182171
PT_13_25.Adend2.0.5245614035087719: 0.011974
PT_13_25.Adend3.0.19824561403508772: 0.020961
PT_13_25.Bdend.0.1: 0.602536
PT_13_26.Adend1.0.6684210526315789: 0.001600
PT_13_26.Adend2.0.5456140350877193: 0.006933
PT_13_26.Adend3.0.5140350877192983: 0.006717
PT_13_26.Bdend.0.7526315789473684: 0.001925
PT_13_27.Adend1.0.46842105263157896: 10.619815
PT_13_27.Adend2.0.5421052631578948: 0.023744
PT_13_27.Adend3.0.2964912280701754: 12.295269
PT_13_27.Bdend.0.5807017543859649: 10.403451
PT_13_28.Adend1.0.531578947368421: 0.001294
PT_13_28.Adend2.0.6649122807017543: 0.018705
PT_13_28.Adend3.0.3526315789473684: 0.001822
PT_13_28.Bdend.0.6649122807017543: 0.001639
PT_13_29.Adend1.0.3666666666666667: 0.001742
PT_13_29.Adend2.0.5947368421052631: 0.003840
PT_13_29.Adend3.0.03333333333333333: 0.001441
PT_13_29.Bdend.0.1280701754385965: 15.000000
PT_13_30.soma.0.48958333333333337: 0.002384
PT_13_31.soma.0.2604166666666667: 0.002315
PT_13_32.soma.0.4479166666666667: 0.002368
PT_13_33.soma.0.78125: 0.002602
PT_13_34.soma.0.23958333333333331: 0.002300
PT_13_35.soma.0.6979166666666666: 0.002538
PT_13_36.soma.0.46875: 0.002372
PT_13_37.soma.0.30208333333333337: 0.002327
PT_13_38.soma.0.05208333333333333: 0.002283
PT_13_39.soma.0.11458333333333334: 0.002279
PV_33_0.soma.0.5: 0.028089
PV_33_1.soma.0.018518518518518517: 0.023441
PV_33_10.soma.0.7222222222222222: 0.033725
PV_33_11.soma.0.9074074074074073: 0.037758
PV_33_12.soma.0.05555555555555555: 0.023077
PV_33_13.soma.0.611111111111111: 0.031450
PV_33_14.soma.0.2037037037037037: 0.021878
PV_33_15.soma.0.6851851851851851: 0.033143
PV_33_16.soma.0.38888888888888884: 0.025180
PV_33_17.soma.0.537037037037037: 0.029308
PV_33_18.soma.0.8703703703703703: 0.037576
PV_33_19.soma.0.5: 0.028244
PV_33_2.soma.0.42592592592592593: 0.026126
PV_33_20.soma.0.42592592592592593: 0.026202
PV_33_21.soma.0.2777777777777778: 0.020684
PV_33_22.soma.0.7222222222222222: 0.033622
PV_33_23.soma.0.7592592592592592: 0.034240
PV_33_24.soma.0.611111111111111: 0.031674
PV_33_25.soma.0.7962962962962963: 0.035068
PV_33_26.soma.0.8333333333333333: 0.036333
PV_33_27.soma.0.8333333333333333: 0.036306
PV_33_28.soma.0.9814814814814814: 0.037174
PV_33_3.soma.0.9444444444444444: 0.037447
PV_33_30.soma.0.05555555555555555: 0.023211
PV_33_31.soma.0.4629629629629629: 0.026977
PV_33_32.soma.0.12962962962962962: 0.022566
PV_33_34.soma.0.24074074074074073: 0.021688
PV_33_35.soma.0.9074074074074073: 0.037712
PV_33_36.soma.0.31481481481481477: 0.022152
PV_33_37.soma.0.12962962962962962: 0.022948
PV_33_38.soma.0.7962962962962963: 0.035089
PV_33_4.soma.0.5740740740740741: 0.030233
PV_33_5.soma.0.2777777777777778: 0.020881
PV_33_6.soma.0.35185185185185186: 0.023790
PV_33_7.soma.0.16666666666666666: 0.022560
PV_33_8.soma.0.6481481481481481: 0.032562
PV_33_9.soma.0.35185185185185186: 0.024004
