Time: 20.000000000000306; Period: Before stimulation
PT_8_20.Adend1.0.1105263157894737: 0.005126
PT_8_20.Adend2.0.3701754385964912: 0.002427
PT_8_20.Adend3.0.1736842105263158: 0.001624
PT_8_20.Bdend.0.4368421052631579: 0.010400
PT_8_21.Adend1.0.9456140350877194: 0.003105
PT_8_21.Adend2.0.11754385964912281: 0.005287
PT_8_21.Adend3.0.6754385964912281: 0.001032
PT_8_21.Bdend.0.4298245614035088: 0.016125
PT_8_22.Adend1.0.8473684210526315: 0.794401
PT_8_22.Adend2.0.04035087719298246: 3.554006
PT_8_22.Adend3.0.0649122807017544: 4.382705
PT_8_22.Bdend.0.9280701754385965: 4.286718
PT_8_23.Adend1.0.07894736842105264: 0.001541
PT_8_23.Adend2.0.4052631578947368: 0.002126
PT_8_23.Adend3.0.3842105263157895: 0.001002
PT_8_23.Bdend.0.21228070175438596: 0.001343
PT_8_24.Adend1.0.8719298245614036: 0.000466
PT_8_24.Adend2.0.7385964912280701: 0.000637
PT_8_24.Adend3.0.02631578947368421: 0.000545
PT_8_24.Bdend.0.05789473684210526: 0.000451
PT_8_25.Adend1.0.3701754385964912: 0.010138
PT_8_25.Adend2.0.38070175438596493: 0.030514
PT_8_25.Adend3.0.38070175438596493: 0.002461
PT_8_25.Bdend.0.44035087719298244: 0.181006
PT_8_26.Adend1.0.9842105263157894: 0.002040
PT_8_26.Adend2.0.4192982456140351: 0.003104
PT_8_26.Adend3.0.03684210526315789: 0.001478
PT_8_26.Bdend.0.48596491228070177: 0.001513
PT_8_27.Adend1.0.5877192982456141: 6.134194
PT_8_27.Adend2.0.2894736842105263: 12.510185
PT_8_27.Adend3.0.8228070175438597: 10.722207
PT_8_27.Bdend.0.5596491228070175: 7.642720
PT_8_28.Adend1.0.4052631578947368: 0.000946
PT_8_28.Adend2.0.3912280701754386: 0.001113
PT_8_28.Adend3.0.15263157894736842: 0.001237
PT_8_28.Bdend.0.531578947368421: 0.004727
PT_8_29.Adend1.0.6578947368421053: 0.005291
PT_8_29.Adend2.0.3526315789473684: 0.001383
PT_8_29.Adend3.0.9666666666666667: 0.001613
PT_8_29.Bdend.0.9842105263157894: 0.001484
PT_8_30.soma.0.65625: 0.002211
PT_8_31.soma.0.19791666666666666: 0.002365
PT_8_32.soma.0.40625: 0.002369
PT_8_33.soma.0.9270833333333333: 0.002193
PT_8_34.soma.0.96875: 0.002209
PT_8_35.soma.0.11458333333333334: 0.002340
PT_8_36.soma.0.4479166666666667: 0.002366
PT_8_37.soma.0.09375: 0.002366
PT_8_38.soma.0.8229166666666666: 0.002185
PT_8_39.soma.0.8854166666666666: 0.002173
SOM_28_0.soma.0.4880952380952381: 15.000000
SOM_28_1.soma.0.13095238095238093: 15.000000
SOM_28_10.soma.0.9404761904761905: 0.136133
SOM_28_11.soma.0.5357142857142857: 15.000000
SOM_28_12.soma.0.9642857142857142: 0.136601
SOM_28_13.soma.0.15476190476190477: 15.000000
SOM_28_14.soma.0.20238095238095238: 15.000000
SOM_28_15.soma.0.34523809523809523: 15.000000
SOM_28_16.soma.0.7738095238095237: 0.667328
SOM_28_17.soma.0.8928571428571428: 0.145188
SOM_28_18.soma.0.17857142857142855: 15.000000
SOM_28_19.soma.0.011904761904761904: 15.000000
SOM_28_2.soma.0.75: 1.124291
SOM_28_20.soma.0.6071428571428571: 15.000000
SOM_28_21.soma.0.9166666666666666: 0.136807
SOM_28_22.soma.0.05952380952380952: 15.000000
SOM_28_23.soma.0.08333333333333333: 15.000000
SOM_28_24.soma.0.6309523809523809: 15.000000
SOM_28_25.soma.0.8214285714285714: 0.337558
SOM_28_26.soma.0.03571428571428571: 15.000000
SOM_28_27.soma.0.22619047619047616: 15.000000
SOM_28_3.soma.0.6785714285714285: 15.000000
SOM_28_30.soma.0.25: 15.000000
SOM_28_31.soma.0.36904761904761907: 15.000000
SOM_28_32.soma.0.8452380952380952: 0.218733
SOM_28_33.soma.0.2976190476190476: 15.000000
SOM_28_34.soma.0.44047619047619047: 15.000000
SOM_28_35.soma.0.7261904761904762: 12.069968
SOM_28_36.soma.0.7976190476190476: 0.445595
SOM_28_37.soma.0.4166666666666667: 15.000000
SOM_28_38.soma.0.10714285714285714: 15.000000
SOM_28_4.soma.0.869047619047619: 0.164507
SOM_28_5.soma.0.5119047619047619: 15.000000
SOM_28_6.soma.0.7023809523809523: 15.000000
SOM_28_7.soma.0.6547619047619048: 15.000000
SOM_28_8.soma.0.5833333333333333: 15.000000
SOM_28_9.soma.0.5595238095238095: 15.000000
