Time: 20.000000000000306; Period: Before stimulation
PT_6_20.Adend1.0.13508771929824562: 0.001961
PT_6_20.Adend2.0.34210526315789475: 0.001575
PT_6_20.Adend3.0.843859649122807: 0.001796
PT_6_20.Bdend.0.8368421052631579: 0.002108
PT_6_21.Adend1.0.6754385964912281: 0.001163
PT_6_21.Adend2.0.24035087719298245: 0.001162
PT_6_21.Adend3.0.387719298245614: 0.000996
PT_6_21.Bdend.0.41228070175438597: 0.001535
PT_6_22.Adend1.0.443859649122807: 0.604887
PT_6_22.Adend2.0.22631578947368422: 2.651383
PT_6_22.Adend3.0.5140350877192983: 5.566223
PT_6_22.Bdend.0.012280701754385965: 0.033556
PT_6_23.Adend1.0.012280701754385965: 0.006218
PT_6_23.Adend2.0.24385964912280703: 0.001388
PT_6_23.Adend3.0.12456140350877193: 0.001827
PT_6_23.Bdend.0.5350877192982456: 0.001100
PT_6_24.Adend1.0.9491228070175438: 0.000421
PT_6_24.Adend2.0.9456140350877194: 0.000567
PT_6_24.Adend3.0.3: 0.000468
PT_6_24.Bdend.0.2929824561403509: 0.000479
PT_6_25.Adend1.0.4649122807017544: 0.011484
PT_6_25.Adend2.0.9280701754385965: 0.039564
PT_6_25.Adend3.0.3631578947368421: 2.324923
PT_6_25.Bdend.0.015789473684210527: 0.006098
PT_6_26.Adend1.0.3701754385964912: 0.002167
PT_6_26.Adend2.0.08596491228070176: 0.001431
PT_6_26.Adend3.0.8192982456140351: 0.001548
PT_6_26.Bdend.0.8228070175438597: 0.003096
PT_6_27.Adend1.0.49298245614035086: 7.668529
PT_6_27.Adend2.0.9982456140350877: 12.766419
PT_6_27.Adend3.0.5245614035087719: 12.927163
PT_6_27.Bdend.0.47192982456140353: 9.575947
PT_6_28.Adend1.0.8929824561403509: 0.001889
PT_6_28.Adend2.0.643859649122807: 0.001480
PT_6_28.Adend3.0.10701754385964912: 0.001885
PT_6_28.Bdend.0.4298245614035088: 0.005949
PT_6_29.Adend1.0.15964912280701754: 0.001480
PT_6_29.Adend2.0.4543859649122807: 0.001271
PT_6_29.Adend3.0.0649122807017544: 0.002076
PT_6_29.Bdend.0.20526315789473684: 0.001651
PT_6_30.soma.0.6770833333333333: 0.004747
PT_6_31.soma.0.2604166666666667: 0.004960
PT_6_32.soma.0.8645833333333333: 0.004980
PT_6_33.soma.0.17708333333333331: 0.004963
PT_6_34.soma.0.30208333333333337: 0.004944
PT_6_35.soma.0.19791666666666666: 0.004950
PT_6_36.soma.0.9479166666666666: 0.005096
PT_6_37.soma.0.07291666666666667: 0.004967
PT_6_38.soma.0.9895833333333333: 0.005166
PT_6_39.soma.0.5520833333333333: 0.004924
SOM_26_0.soma.0.5119047619047619: 0.263156
SOM_26_1.soma.0.6547619047619048: 0.336204
SOM_26_10.soma.0.011904761904761904: 0.194264
SOM_26_11.soma.0.39285714285714285: 0.189421
SOM_26_12.soma.0.4642857142857143: 0.231653
SOM_26_13.soma.0.7023809523809523: 0.348804
SOM_26_14.soma.0.25: 0.168072
SOM_26_15.soma.0.20238095238095238: 0.174083
SOM_26_16.soma.0.05952380952380952: 0.189573
SOM_26_17.soma.0.9404761904761905: 0.316635
SOM_26_18.soma.0.03571428571428571: 0.192271
SOM_26_19.soma.0.27380952380952384: 0.164891
SOM_26_2.soma.0.4880952380952381: 0.247432
SOM_26_20.soma.0.17857142857142855: 0.179184
SOM_26_21.soma.0.2976190476190476: 0.157602
SOM_26_22.soma.0.36904761904761907: 0.179815
SOM_26_23.soma.0.10714285714285714: 0.177320
SOM_26_24.soma.0.5357142857142857: 0.281767
SOM_26_25.soma.0.869047619047619: 0.383344
SOM_26_27.soma.0.44047619047619047: 0.214783
SOM_26_28.soma.0.8928571428571428: 0.351342
SOM_26_3.soma.0.15476190476190477: 0.178899
SOM_26_30.soma.0.6071428571428571: 0.316524
SOM_26_31.soma.0.13095238095238093: 0.177317
SOM_26_32.soma.0.8452380952380952: 0.374943
SOM_26_33.soma.0.988095238095238: 0.313097
SOM_26_34.soma.0.4166666666666667: 0.202647
SOM_26_35.soma.0.7976190476190476: 0.380044
SOM_26_36.soma.0.75: 0.355807
SOM_26_37.soma.0.7261904761904762: 0.348380
SOM_26_38.soma.0.6309523809523809: 0.327167
SOM_26_4.soma.0.08333333333333333: 0.181385
SOM_26_5.soma.0.22619047619047616: 0.172224
SOM_26_6.soma.0.7738095238095237: 0.377652
SOM_26_7.soma.0.5595238095238095: 0.299038
SOM_26_8.soma.0.8214285714285714: 0.387378
SOM_26_9.soma.0.5833333333333333: 0.311363
