Time: 20.000000000000306; Period: Before stimulation
PT_14_20.Adend1.0.9982456140350877: 0.083534
PT_14_20.Adend2.0.443859649122807: 0.002497
PT_14_20.Adend3.0.8368421052631579: 0.001396
PT_14_20.Bdend.0.02982456140350877: 0.001752
PT_14_21.Adend1.0.6403508771929824: 0.001061
PT_14_21.Adend2.0.44035087719298244: 0.002360
PT_14_21.Adend3.0.9421052631578948: 0.001375
PT_14_21.Bdend.0.2754385964912281: 0.001303
PT_14_22.Adend1.0.24035087719298245: 1.552093
PT_14_22.Adend2.0.2614035087719298: 3.374312
PT_14_22.Adend3.0.6228070175438597: 3.040172
PT_14_22.Bdend.0.8894736842105263: 2.904888
PT_14_23.Adend1.0.42280701754385963: 0.001297
PT_14_23.Adend2.0.3105263157894737: 0.002177
PT_14_23.Adend3.0.02982456140350877: 0.001569
PT_14_23.Bdend.0.7385964912280701: 0.001235
PT_14_24.Adend1.0.04736842105263158: 0.000520
PT_14_24.Adend2.0.156140350877193: 0.000461
PT_14_24.Adend3.0.3736842105263158: 0.000437
PT_14_24.Bdend.0.3912280701754386: 0.000551
PT_14_25.Adend1.0.5035087719298246: 0.086343
PT_14_25.Adend2.0.6052631578947368: 0.028336
PT_14_25.Adend3.0.5771929824561404: 0.016615
PT_14_25.Bdend.0.32456140350877194: 0.013868
PT_14_26.Adend1.0.41578947368421054: 0.001088
PT_14_26.Adend2.0.6964912280701755: 0.004431
PT_14_26.Adend3.0.23333333333333334: 0.001441
PT_14_26.Bdend.0.9210526315789473: 15.000000
PT_14_27.Adend1.0.8192982456140351: 11.327387
PT_14_27.Adend2.0.9842105263157894: 12.783816
PT_14_27.Adend3.0.7807017543859649: 7.395575
PT_14_27.Bdend.0.28596491228070176: 0.419548
PT_14_28.Adend1.0.5947368421052631: 0.001019
PT_14_28.Adend2.0.6929824561403509: 0.001437
PT_14_28.Adend3.0.012280701754385965: 0.003062
PT_14_28.Bdend.0.4789473684210526: 0.004460
PT_14_29.Adend1.0.5666666666666667: 15.000000
PT_14_29.Adend2.0.005263157894736842: 0.001311
PT_14_29.Adend3.0.0824561403508772: 0.001906
PT_14_29.Bdend.0.5140350877192983: 0.004648
PT_14_30.soma.0.40625: 0.002206
PT_14_31.soma.0.78125: 0.002492
PT_14_32.soma.0.5104166666666666: 0.002332
PT_14_33.soma.0.30208333333333337: 0.002169
PT_14_34.soma.0.8645833333333333: 0.002538
PT_14_35.soma.0.2604166666666667: 0.002153
PT_14_36.soma.0.9270833333333333: 0.002593
PT_14_37.soma.0.84375: 0.002536
PT_14_38.soma.0.59375: 0.002381
PT_14_39.soma.0.03125: 0.002085
PV_34_0.soma.0.4629629629629629: 15.000000
PV_34_1.soma.0.7222222222222222: 15.000000
PV_34_10.soma.0.5: 15.000000
PV_34_11.soma.0.8703703703703703: 15.000000
PV_34_12.soma.0.16666666666666666: 15.000000
PV_34_13.soma.0.05555555555555555: 15.000000
PV_34_14.soma.0.9444444444444444: 15.000000
PV_34_15.soma.0.24074074074074073: 15.000000
PV_34_16.soma.0.12962962962962962: 15.000000
PV_34_17.soma.0.31481481481481477: 15.000000
PV_34_18.soma.0.42592592592592593: 15.000000
PV_34_19.soma.0.5740740740740741: 15.000000
PV_34_2.soma.0.24074074074074073: 15.000000
PV_34_20.soma.0.9814814814814814: 15.000000
PV_34_21.soma.0.6481481481481481: 15.000000
PV_34_22.soma.0.9074074074074073: 15.000000
PV_34_23.soma.0.7962962962962963: 15.000000
PV_34_24.soma.0.09259259259259259: 15.000000
PV_34_25.soma.0.8333333333333333: 15.000000
PV_34_26.soma.0.2777777777777778: 15.000000
PV_34_27.soma.0.018518518518518517: 15.000000
PV_34_28.soma.0.38888888888888884: 15.000000
PV_34_3.soma.0.6851851851851851: 15.000000
PV_34_30.soma.0.05555555555555555: 15.000000
PV_34_31.soma.0.42592592592592593: 15.000000
PV_34_32.soma.0.6851851851851851: 15.000000
PV_34_33.soma.0.7962962962962963: 15.000000
PV_34_35.soma.0.8333333333333333: 15.000000
PV_34_36.soma.0.537037037037037: 15.000000
PV_34_37.soma.0.611111111111111: 15.000000
PV_34_38.soma.0.09259259259259259: 15.000000
PV_34_4.soma.0.35185185185185186: 15.000000
PV_34_5.soma.0.05555555555555555: 15.000000
PV_34_6.soma.0.2037037037037037: 15.000000
PV_34_7.soma.0.12962962962962962: 15.000000
PV_34_8.soma.0.6851851851851851: 15.000000
PV_34_9.soma.0.7962962962962963: 15.000000
