Time: 20.000000000000306; Period: Before stimulation
PT_12_20.Adend1.0.5421052631578948: 0.006448
PT_12_20.Adend2.0.15263157894736842: 0.003580
PT_12_20.Adend3.0.17719298245614035: 0.001180
PT_12_20.Bdend.0.2578947368421053: 0.001460
PT_12_21.Adend1.0.443859649122807: 0.002493
PT_12_21.Adend2.0.2578947368421053: 0.001138
PT_12_21.Adend3.0.6543859649122807: 0.001161
PT_12_21.Bdend.0.1631578947368421: 0.003721
PT_12_22.Adend1.0.4263157894736842: 4.640040
PT_12_22.Adend2.0.7035087719298245: 0.131758
PT_12_22.Adend3.0.6403508771929824: 3.410542
PT_12_22.Bdend.0.9736842105263158: 2.228620
PT_12_23.Adend1.0.3385964912280702: 0.001020
PT_12_23.Adend2.0.2192982456140351: 0.001032
PT_12_23.Adend3.0.6684210526315789: 0.007254
PT_12_23.Bdend.0.38070175438596493: 0.001237
PT_12_24.Adend1.0.6614035087719299: 0.000393
PT_12_24.Adend2.0.19824561403508772: 0.000407
PT_12_24.Adend3.0.6894736842105263: 0.000468
PT_12_24.Bdend.0.8508771929824561: 0.000721
PT_12_25.Adend1.0.9842105263157894: 0.002711
PT_12_25.Adend2.0.8157894736842105: 0.010372
PT_12_25.Adend3.0.2368421052631579: 0.041962
PT_12_25.Bdend.0.5210526315789473: 0.115577
PT_12_26.Adend1.0.980701754385965: 0.001010
PT_12_26.Adend2.0.9736842105263158: 0.001264
PT_12_26.Adend3.0.17719298245614035: 0.001180
PT_12_26.Bdend.0.41228070175438597: 0.002559
PT_12_27.Adend1.0.8228070175438597: 7.887905
PT_12_27.Adend2.0.8929824561403509: 12.653751
PT_12_27.Adend3.0.5771929824561404: 7.868634
PT_12_27.Bdend.0.9421052631578948: 13.365828
PT_12_28.Adend1.0.4614035087719298: 0.002551
PT_12_28.Adend2.0.0017543859649122807: 0.026800
PT_12_28.Adend3.0.3315789473684211: 0.007532
PT_12_28.Bdend.0.32456140350877194: 0.017431
PT_12_29.Adend1.0.2754385964912281: 0.002156
PT_12_29.Adend2.0.1105263157894737: 0.002068
PT_12_29.Adend3.0.15964912280701754: 0.002759
PT_12_29.Bdend.0.5175438596491229: 0.004261
PT_12_30.soma.0.28125: 0.001830
PT_12_31.soma.0.40625: 0.001955
PT_12_32.soma.0.6354166666666666: 0.002103
PT_12_33.soma.0.8854166666666666: 0.002159
PT_12_34.soma.0.010416666666666666: 0.001820
PT_12_35.soma.0.3854166666666667: 0.001930
PT_12_36.soma.0.30208333333333337: 0.001834
PT_12_37.soma.0.59375: 0.002096
PT_12_38.soma.0.21875: 0.001829
PT_12_39.soma.0.9479166666666666: 0.002171
PV_32_0.soma.0.2037037037037037: 0.080001
PV_32_1.soma.0.7222222222222222: 0.189473
PV_32_10.soma.0.05555555555555555: 0.078886
PV_32_11.soma.0.6851851851851851: 0.167344
PV_32_12.soma.0.018518518518518517: 0.077111
PV_32_13.soma.0.9074074074074073: 0.746514
PV_32_14.soma.0.2777777777777778: 0.077469
PV_32_15.soma.0.6481481481481481: 0.146196
PV_32_16.soma.0.09259259259259259: 0.079974
PV_32_17.soma.0.611111111111111: 0.132736
PV_32_18.soma.0.42592592592592593: 0.093057
PV_32_19.soma.0.5: 0.110245
PV_32_2.soma.0.6851851851851851: 0.166794
PV_32_20.soma.0.38888888888888884: 0.087645
PV_32_21.soma.0.31481481481481477: 0.074990
PV_32_22.soma.0.611111111111111: 0.134890
PV_32_23.soma.0.24074074074074073: 0.077698
PV_32_24.soma.0.018518518518518517: 0.077735
PV_32_25.soma.0.9444444444444444: 1.537670
PV_32_26.soma.0.9814814814814814: 1.471662
PV_32_27.soma.0.5740740740740741: 0.123444
PV_32_28.soma.0.38888888888888884: 0.085530
PV_32_3.soma.0.2037037037037037: 0.079612
PV_32_30.soma.0.24074074074074073: 0.077977
PV_32_31.soma.0.018518518518518517: 0.075870
PV_32_33.soma.0.537037037037037: 0.114832
PV_32_34.soma.0.9074074074074073: 0.741381
PV_32_35.soma.0.24074074074074073: 0.077826
PV_32_36.soma.0.12962962962962962: 0.078060
PV_32_37.soma.0.4629629629629629: 0.101500
PV_32_38.soma.0.8703703703703703: 0.425979
PV_32_4.soma.0.8333333333333333: 0.276249
PV_32_5.soma.0.7962962962962963: 0.247628
PV_32_6.soma.0.42592592592592593: 0.094393
PV_32_7.soma.0.7592592592592592: 0.216330
PV_32_8.soma.0.9444444444444444: 1.501059
PV_32_9.soma.0.38888888888888884: 0.086684
