Time: 20.000000000000306; Period: Before stimulation
PT_19_20.Adend1.0.2614035087719298: 0.005020
PT_19_20.Adend2.0.05087719298245614: 0.008897
PT_19_20.Adend3.0.3175438596491228: 0.003609
PT_19_20.Bdend.0.05789473684210526: 0.006201
PT_19_21.Adend1.0.756140350877193: 0.001041
PT_19_21.Adend2.0.6017543859649123: 0.000998
PT_19_21.Adend3.0.05087719298245614: 0.015042
PT_19_21.Bdend.0.019298245614035085: 0.001518
PT_19_22.Adend1.0.4263157894736842: 3.932739
PT_19_22.Adend2.0.5666666666666667: 6.946580
PT_19_22.Adend3.0.5807017543859649: 0.472809
PT_19_22.Bdend.0.3912280701754386: 1.766408
PT_19_23.Adend1.0.7105263157894737: 0.001280
PT_19_23.Adend2.0.756140350877193: 0.001279
PT_19_23.Adend3.0.1385964912280702: 0.001544
PT_19_23.Bdend.0.9526315789473684: 0.001034
PT_19_24.Adend1.0.15263157894736842: 0.000448
PT_19_24.Adend2.0.7350877192982456: 0.000387
PT_19_24.Adend3.0.0017543859649122807: 0.000396
PT_19_24.Bdend.0.43333333333333335: 0.000406
PT_19_25.Adend1.0.7: 0.004474
PT_19_25.Adend2.0.1280701754385965: 0.039670
PT_19_25.Adend3.0.25087719298245614: 0.004752
PT_19_25.Bdend.0.25087719298245614: 0.045138
PT_19_26.Adend1.0.1736842105263158: 0.001124
PT_19_26.Adend2.0.3736842105263158: 0.002551
PT_19_26.Adend3.0.6578947368421053: 0.001571
PT_19_26.Bdend.0.5736842105263158: 0.007166
PT_19_27.Adend1.0.7982456140350878: 7.488461
PT_19_27.Adend2.0.3: 13.783684
PT_19_27.Adend3.0.15263157894736842: 7.114678
PT_19_27.Bdend.0.5070175438596491: 6.806792
PT_19_28.Adend1.0.8508771929824561: 0.001131
PT_19_28.Adend2.0.22982456140350876: 0.001158
PT_19_28.Adend3.0.10701754385964912: 0.003776
PT_19_28.Bdend.0.9666666666666667: 0.001840
PT_19_29.Adend1.0.5842105263157895: 0.003971
PT_19_29.Adend2.0.8543859649122807: 0.001176
PT_19_29.Adend3.0.5631578947368421: 0.001877
PT_19_29.Bdend.0.9245614035087719: 0.005561
PT_19_30.soma.0.5520833333333333: 0.001917
PT_19_31.soma.0.09375: 0.001946
PT_19_32.soma.0.010416666666666666: 0.001948
PT_19_33.soma.0.4479166666666667: 0.001944
PT_19_34.soma.0.15625: 0.001948
PT_19_35.soma.0.46875: 0.001947
PT_19_36.soma.0.96875: 0.002138
PT_19_37.soma.0.34375: 0.001951
PT_19_38.soma.0.6770833333333333: 0.001968
PT_19_39.soma.0.6979166666666666: 0.001984
PV_39_0.soma.0.7592592592592592: 15.000000
PV_39_1.soma.0.24074074074074073: 15.000000
PV_39_10.soma.0.4629629629629629: 15.000000
PV_39_11.soma.0.4629629629629629: 15.000000
PV_39_12.soma.0.8333333333333333: 15.000000
PV_39_13.soma.0.12962962962962962: 15.000000
PV_39_14.soma.0.8703703703703703: 15.000000
PV_39_15.soma.0.42592592592592593: 15.000000
PV_39_16.soma.0.7222222222222222: 15.000000
PV_39_17.soma.0.12962962962962962: 15.000000
PV_39_18.soma.0.2777777777777778: 15.000000
PV_39_19.soma.0.5740740740740741: 15.000000
PV_39_2.soma.0.05555555555555555: 15.000000
PV_39_20.soma.0.7962962962962963: 15.000000
PV_39_21.soma.0.9814814814814814: 15.000000
PV_39_22.soma.0.38888888888888884: 15.000000
PV_39_23.soma.0.05555555555555555: 15.000000
PV_39_24.soma.0.537037037037037: 15.000000
PV_39_25.soma.0.018518518518518517: 15.000000
PV_39_26.soma.0.8333333333333333: 15.000000
PV_39_27.soma.0.31481481481481477: 15.000000
PV_39_28.soma.0.6481481481481481: 15.000000
PV_39_3.soma.0.5: 15.000000
PV_39_30.soma.0.2037037037037037: 15.000000
PV_39_31.soma.0.09259259259259259: 15.000000
PV_39_32.soma.0.5: 15.000000
PV_39_33.soma.0.2777777777777778: 15.000000
PV_39_34.soma.0.6851851851851851: 15.000000
PV_39_35.soma.0.611111111111111: 15.000000
PV_39_36.soma.0.5: 15.000000
PV_39_37.soma.0.9444444444444444: 15.000000
PV_39_38.soma.0.35185185185185186: 15.000000
PV_39_4.soma.0.9074074074074073: 15.000000
PV_39_5.soma.0.16666666666666666: 15.000000
PV_39_6.soma.0.2037037037037037: 15.000000
PV_39_7.soma.0.9074074074074073: 15.000000
PV_39_8.soma.0.7962962962962963: 15.000000
PV_39_9.soma.0.9074074074074073: 15.000000
