Time: 20.000000000000306; Period: Before stimulation
PT_1_20.Adend1.0.20877192982456141: 0.000919
PT_1_20.Adend2.0.5140350877192983: 0.182094
PT_1_20.Adend3.0.156140350877193: 0.001229
PT_1_20.Bdend.0.8263157894736842: 0.001043
PT_1_21.Adend1.0.612280701754386: 0.001063
PT_1_21.Adend2.0.4964912280701754: 0.001068
PT_1_21.Adend3.0.2824561403508772: 0.001146
PT_1_21.Bdend.0.7771929824561403: 0.003190
PT_1_22.Adend1.0.10350877192982456: 5.341431
PT_1_22.Adend2.0.9456140350877194: 0.335460
PT_1_22.Adend3.0.2789473684210526: 0.017004
PT_1_22.Bdend.0.8017543859649123: 2.386140
PT_1_23.Adend1.0.2754385964912281: 0.000954
PT_1_23.Adend2.0.6824561403508772: 0.001098
PT_1_23.Adend3.0.9982456140350877: 0.001180
PT_1_23.Bdend.0.7596491228070176: 0.001276
PT_1_24.Adend1.0.2824561403508772: 0.000453
PT_1_24.Adend2.0.1: 0.000379
PT_1_24.Adend3.0.8017543859649123: 0.000403
PT_1_24.Bdend.0.11754385964912281: 0.000574
PT_1_25.Adend1.0.9035087719298246: 0.005940
PT_1_25.Adend2.0.5350877192982456: 0.004886
PT_1_25.Adend3.0.7666666666666667: 0.005891
PT_1_25.Bdend.0.9140350877192982: 0.110371
PT_1_26.Adend1.0.21228070175438596: 0.001444
PT_1_26.Adend2.0.1456140350877193: 0.003596
PT_1_26.Adend3.0.5421052631578948: 0.001601
PT_1_26.Bdend.0.3701754385964912: 0.001558
PT_1_27.Adend1.0.9175438596491228: 9.320974
PT_1_27.Adend2.0.45789473684210524: 9.326414
PT_1_27.Adend3.0.5175438596491229: 4.458297
PT_1_27.Bdend.0.07192982456140351: 9.158674
PT_1_28.Adend1.0.8298245614035088: 0.003136
PT_1_28.Adend2.0.41228070175438597: 0.001320
PT_1_28.Adend3.0.5280701754385965: 0.004564
PT_1_28.Bdend.0.32105263157894737: 0.001381
PT_1_29.Adend1.0.5070175438596491: 0.001346
PT_1_29.Adend2.0.17719298245614035: 0.002086
PT_1_29.Adend3.0.8964912280701754: 0.001269
PT_1_29.Bdend.0.3: 0.002023
PT_1_30.soma.0.36458333333333337: 0.001439
PT_1_31.soma.0.90625: 0.001625
PT_1_32.soma.0.6145833333333333: 0.001543
PT_1_33.soma.0.34375: 0.001438
PT_1_34.soma.0.8645833333333333: 0.001601
PT_1_35.soma.0.4479166666666667: 0.001485
PT_1_36.soma.0.40625: 0.001460
PT_1_37.soma.0.28125: 0.001440
PT_1_38.soma.0.96875: 0.001656
PT_1_39.soma.0.7395833333333333: 0.001554
SOM_21_0.soma.0.20238095238095238: 15.000000
SOM_21_1.soma.0.34523809523809523: 15.000000
SOM_21_10.soma.0.5595238095238095: 15.000000
SOM_21_11.soma.0.22619047619047616: 15.000000
SOM_21_12.soma.0.13095238095238093: 15.000000
SOM_21_13.soma.0.36904761904761907: 15.000000
SOM_21_14.soma.0.988095238095238: 14.954821
SOM_21_15.soma.0.4642857142857143: 15.000000
SOM_21_16.soma.0.6309523809523809: 15.000000
SOM_21_17.soma.0.75: 14.999999
SOM_21_18.soma.0.10714285714285714: 15.000000
SOM_21_19.soma.0.39285714285714285: 15.000000
SOM_21_2.soma.0.9642857142857142: 14.963115
SOM_21_20.soma.0.05952380952380952: 15.000000
SOM_21_22.soma.0.6785714285714285: 15.000000
SOM_21_23.soma.0.5357142857142857: 15.000000
SOM_21_24.soma.0.15476190476190477: 15.000000
SOM_21_25.soma.0.6547619047619048: 15.000000
SOM_21_26.soma.0.4166666666666667: 15.000000
SOM_21_27.soma.0.7976190476190476: 14.999995
SOM_21_28.soma.0.8928571428571428: 14.999188
SOM_21_3.soma.0.869047619047619: 14.999854
SOM_21_30.soma.0.25: 15.000000
SOM_21_31.soma.0.9404761904761905: 14.993248
SOM_21_32.soma.0.32142857142857145: 15.000000
SOM_21_33.soma.0.27380952380952384: 15.000000
SOM_21_34.soma.0.4880952380952381: 15.000000
SOM_21_35.soma.0.2976190476190476: 15.000000
SOM_21_36.soma.0.8452380952380952: 14.999967
SOM_21_37.soma.0.7261904761904762: 15.000000
SOM_21_38.soma.0.17857142857142855: 15.000000
SOM_21_4.soma.0.6071428571428571: 15.000000
SOM_21_5.soma.0.7023809523809523: 15.000000
SOM_21_6.soma.0.011904761904761904: 15.000000
SOM_21_7.soma.0.03571428571428571: 15.000000
SOM_21_8.soma.0.7738095238095237: 14.999997
SOM_21_9.soma.0.9166666666666666: 14.997470
