Time: 20.000000000000306; Period: Before stimulation
PT_4_20.Adend1.0.6824561403508772: 0.274481
PT_4_20.Adend2.0.9596491228070175: 0.001542
PT_4_20.Adend3.0.6087719298245614: 0.192533
PT_4_20.Bdend.0.39473684210526316: 0.001530
PT_4_21.Adend1.0.09649122807017545: 0.001315
PT_4_21.Adend2.0.18771929824561404: 0.001495
PT_4_21.Adend3.0.24035087719298245: 0.002432
PT_4_21.Bdend.0.37719298245614036: 0.001273
PT_4_22.Adend1.0.5701754385964912: 0.121149
PT_4_22.Adend2.0.612280701754386: 6.093683
PT_4_22.Adend3.0.6473684210526316: 1.864178
PT_4_22.Bdend.0.9280701754385965: 0.124713
PT_4_23.Adend1.0.13508771929824562: 0.001252
PT_4_23.Adend2.0.4263157894736842: 0.001946
PT_4_23.Adend3.0.22982456140350876: 0.000995
PT_4_23.Bdend.0.9175438596491228: 0.002352
PT_4_24.Adend1.0.8368421052631579: 0.000414
PT_4_24.Adend2.0.06842105263157895: 0.000502
PT_4_24.Adend3.0.48947368421052634: 0.000377
PT_4_24.Bdend.0.9491228070175438: 0.000425
PT_4_25.Adend1.0.5736842105263158: 0.027411
PT_4_25.Adend2.0.3385964912280702: 0.027574
PT_4_25.Adend3.0.48947368421052634: 0.000377
PT_4_25.Bdend.0.8052631578947369: 0.048121
PT_4_26.Adend1.0.9: 0.006911
PT_4_26.Adend2.0.37719298245614036: 0.137141
PT_4_26.Adend3.0.8649122807017544: 0.001143
PT_4_26.Bdend.0.6087719298245614: 0.001450
PT_4_27.Adend1.0.07543859649122807: 11.388235
PT_4_27.Adend2.0.9350877192982456: 6.361952
PT_4_27.Adend3.0.2964912280701754: 5.863656
PT_4_27.Bdend.0.9210526315789473: 0.005633
PT_4_28.Adend1.0.2614035087719298: 0.017628
PT_4_28.Adend2.0.7456140350877193: 0.029140
PT_4_28.Adend3.0.04736842105263158: 0.001547
PT_4_28.Bdend.0.42280701754385963: 0.001836
PT_4_29.Adend1.0.4298245614035088: 0.001428
PT_4_29.Adend2.0.7842105263157895: 0.002412
PT_4_29.Adend3.0.0543859649122807: 0.001309
PT_4_29.Bdend.0.2719298245614035: 0.002424
PT_4_30.soma.0.53125: 0.001155
PT_4_31.soma.0.8020833333333333: 0.001181
PT_4_32.soma.0.19791666666666666: 0.001161
PT_4_33.soma.0.84375: 0.001185
PT_4_34.soma.0.48958333333333337: 0.001154
PT_4_35.soma.0.36458333333333337: 0.001158
PT_4_36.soma.0.3229166666666667: 0.001150
PT_4_37.soma.0.2604166666666667: 0.001161
PT_4_38.soma.0.21875: 0.001161
PT_4_39.soma.0.9479166666666666: 0.001195
SOM_24_0.soma.0.6547619047619048: 0.086051
SOM_24_1.soma.0.869047619047619: 0.122468
SOM_24_10.soma.0.5119047619047619: 0.069812
SOM_24_11.soma.0.5357142857142857: 0.072167
SOM_24_12.soma.0.34523809523809523: 0.063070
SOM_24_13.soma.0.988095238095238: 0.132050
SOM_24_14.soma.0.25: 0.058020
SOM_24_15.soma.0.7261904761904762: 0.097405
SOM_24_16.soma.0.9166666666666666: 0.129317
SOM_24_17.soma.0.011904761904761904: 0.053781
SOM_24_18.soma.0.8928571428571428: 0.126014
SOM_24_19.soma.0.13095238095238093: 0.054831
SOM_24_2.soma.0.6309523809523809: 0.082282
SOM_24_20.soma.0.9642857142857142: 0.130450
SOM_24_21.soma.0.4642857142857143: 0.064998
SOM_24_22.soma.0.6785714285714285: 0.090439
SOM_24_23.soma.0.03571428571428571: 0.053559
SOM_24_25.soma.0.22619047619047616: 0.058112
SOM_24_26.soma.0.08333333333333333: 0.053749
SOM_24_27.soma.0.8214285714285714: 0.114846
SOM_24_28.soma.0.44047619047619047: 0.065439
SOM_24_3.soma.0.39285714285714285: 0.065142
SOM_24_30.soma.0.15476190476190477: 0.055395
SOM_24_31.soma.0.17857142857142855: 0.055636
SOM_24_32.soma.0.4880952380952381: 0.066783
SOM_24_33.soma.0.9404761904761905: 0.129635
SOM_24_34.soma.0.6071428571428571: 0.080778
SOM_24_35.soma.0.5833333333333333: 0.077010
SOM_24_36.soma.0.20238095238095238: 0.055992
SOM_24_37.soma.0.32142857142857145: 0.060913
SOM_24_38.soma.0.05952380952380952: 0.053620
SOM_24_4.soma.0.8452380952380952: 0.116813
SOM_24_5.soma.0.7023809523809523: 0.093664
SOM_24_6.soma.0.4166666666666667: 0.065968
SOM_24_7.soma.0.36904761904761907: 0.064189
SOM_24_8.soma.0.7738095238095237: 0.107134
SOM_24_9.soma.0.2976190476190476: 0.060669
