Time: 20.000000000000306; Period: Before stimulation
PT_9_20.Adend1.0.5105263157894737: 0.004990
PT_9_20.Adend2.0.0649122807017544: 0.001204
PT_9_20.Adend3.0.868421052631579: 0.002148
PT_9_20.Bdend.0.356140350877193: 0.007564
PT_9_21.Adend1.0.03333333333333333: 0.001044
PT_9_21.Adend2.0.9385964912280702: 0.001235
PT_9_21.Adend3.0.531578947368421: 0.001038
PT_9_21.Bdend.0.19473684210526315: 0.001815
PT_9_22.Adend1.0.3526315789473684: 4.469965
PT_9_22.Adend2.0.6228070175438597: 0.068411
PT_9_22.Adend3.0.7456140350877193: 6.845828
PT_9_22.Bdend.0.787719298245614: 0.000785
PT_9_23.Adend1.0.5596491228070175: 0.001715
PT_9_23.Adend2.0.8333333333333334: 0.001141
PT_9_23.Adend3.0.5912280701754385: 0.004208
PT_9_23.Bdend.0.06842105263157895: 0.001210
PT_9_24.Adend1.0.6333333333333333: 0.000445
PT_9_24.Adend2.0.612280701754386: 0.000384
PT_9_24.Adend3.0.24035087719298245: 0.000418
PT_9_24.Bdend.0.7842105263157895: 0.000414
PT_9_25.Adend1.0.7140350877192982: 0.007877
PT_9_25.Adend2.0.5210526315789473: 0.004483
PT_9_25.Adend3.0.4824561403508772: 0.008203
PT_9_25.Bdend.0.7385964912280701: 0.005883
PT_9_26.Adend1.0.22631578947368422: 0.001651
PT_9_26.Adend2.0.0543859649122807: 0.001001
PT_9_26.Adend3.0.2368421052631579: 0.000923
PT_9_26.Bdend.0.9666666666666667: 0.001453
PT_9_27.Adend1.0.724561403508772: 2.381708
PT_9_27.Adend2.0.387719298245614: 0.044127
PT_9_27.Adend3.0.1385964912280702: 7.128571
PT_9_27.Bdend.0.18771929824561404: 0.021564
PT_9_28.Adend1.0.39824561403508774: 0.003723
PT_9_28.Adend2.0.38070175438596493: 0.001075
PT_9_28.Adend3.0.043859649122807015: 0.001341
PT_9_28.Bdend.0.19824561403508772: 0.001903
PT_9_29.Adend1.0.6614035087719299: 0.001240
PT_9_29.Adend2.0.6508771929824562: 0.001796
PT_9_29.Adend3.0.7035087719298245: 0.001961
PT_9_29.Bdend.0.2368421052631579: 0.001843
PT_9_30.soma.0.30208333333333337: 0.001534
PT_9_31.soma.0.6145833333333333: 0.001695
PT_9_32.soma.0.59375: 0.001691
PT_9_33.soma.0.36458333333333337: 0.001565
PT_9_34.soma.0.8229166666666666: 0.001758
PT_9_35.soma.0.23958333333333331: 0.001522
PT_9_36.soma.0.7395833333333333: 0.001729
PT_9_37.soma.0.5520833333333333: 0.001681
PT_9_38.soma.0.8645833333333333: 0.001765
PT_9_39.soma.0.21875: 0.001524
SOM_29_0.soma.0.9404761904761905: 15.000000
SOM_29_1.soma.0.25: 14.882421
SOM_29_10.soma.0.869047619047619: 15.000000
SOM_29_11.soma.0.7976190476190476: 15.000000
SOM_29_12.soma.0.8452380952380952: 15.000000
SOM_29_13.soma.0.2976190476190476: 14.887528
SOM_29_14.soma.0.6547619047619048: 15.000000
SOM_29_15.soma.0.20238095238095238: 14.786237
SOM_29_16.soma.0.22619047619047616: 14.874191
SOM_29_17.soma.0.5595238095238095: 15.000000
SOM_29_18.soma.0.5119047619047619: 15.000000
SOM_29_19.soma.0.5833333333333333: 15.000000
SOM_29_2.soma.0.17857142857142855: 14.657501
SOM_29_20.soma.0.32142857142857145: 14.906672
SOM_29_21.soma.0.7261904761904762: 15.000000
SOM_29_22.soma.0.011904761904761904: 14.994043
SOM_29_23.soma.0.9166666666666666: 15.000000
SOM_29_24.soma.0.05952380952380952: 14.993192
SOM_29_25.soma.0.6309523809523809: 15.000000
SOM_29_26.soma.0.5357142857142857: 15.000000
SOM_29_27.soma.0.27380952380952384: 14.876517
SOM_29_28.soma.0.7738095238095237: 15.000000
SOM_29_3.soma.0.4166666666666667: 15.000000
SOM_29_30.soma.0.4880952380952381: 15.000000
SOM_29_31.soma.0.36904761904761907: 14.997234
SOM_29_32.soma.0.15476190476190477: 14.908421
SOM_29_33.soma.0.75: 15.000000
SOM_29_34.soma.0.7023809523809523: 15.000000
SOM_29_35.soma.0.03571428571428571: 14.996092
SOM_29_36.soma.0.10714285714285714: 14.991832
SOM_29_37.soma.0.4642857142857143: 15.000000
SOM_29_38.soma.0.39285714285714285: 15.000000
SOM_29_4.soma.0.34523809523809523: 14.547041
SOM_29_5.soma.0.6785714285714285: 15.000000
SOM_29_6.soma.0.8928571428571428: 15.000000
SOM_29_7.soma.0.8214285714285714: 15.000000
SOM_29_8.soma.0.08333333333333333: 14.994020
SOM_29_9.soma.0.13095238095238093: 14.977420
