Time: 20.000000000000306; Period: Before stimulation
PT_7_20.Adend1.0.3456140350877193: 0.005015
PT_7_20.Adend2.0.6263157894736843: 0.003425
PT_7_20.Adend3.0.5070175438596491: 0.001501
PT_7_20.Bdend.0.22982456140350876: 0.009388
PT_7_21.Adend1.0.5280701754385965: 0.002470
PT_7_21.Adend2.0.5456140350877193: 0.001030
PT_7_21.Adend3.0.6894736842105263: 0.001042
PT_7_21.Bdend.0.7631578947368421: 0.001114
PT_7_22.Adend1.0.7807017543859649: 3.556107
PT_7_22.Adend2.0.12456140350877193: 0.743771
PT_7_22.Adend3.0.8508771929824561: 1.007553
PT_7_22.Bdend.0.7175438596491228: 4.401441
PT_7_23.Adend1.0.2789473684210526: 0.001615
PT_7_23.Adend2.0.5070175438596491: 0.001080
PT_7_23.Adend3.0.8087719298245614: 0.001171
PT_7_23.Bdend.0.2578947368421053: 14.925548
PT_7_24.Adend1.0.5385964912280702: 0.000414
PT_7_24.Adend2.0.9491228070175438: 0.000414
PT_7_24.Adend3.0.5: 0.000694
PT_7_24.Bdend.0.9736842105263158: 0.000463
PT_7_25.Adend1.0.9771929824561404: 0.076110
PT_7_25.Adend2.0.2368421052631579: 0.025371
PT_7_25.Adend3.0.7070175438596491: 0.008975
PT_7_25.Bdend.0.2578947368421053: 14.915864
PT_7_26.Adend1.0.04736842105263158: 0.001703
PT_7_26.Adend2.0.9491228070175438: 0.000415
PT_7_26.Adend3.0.5350877192982456: 0.004467
PT_7_26.Bdend.0.02631578947368421: 0.002000
PT_7_27.Adend1.0.7456140350877193: 7.027657
PT_7_27.Adend2.0.3456140350877193: 10.346572
PT_7_27.Adend3.0.2719298245614035: 11.708842
PT_7_27.Bdend.0.7631578947368421: 0.001116
PT_7_28.Adend1.0.3526315789473684: 0.012394
PT_7_28.Adend2.0.02982456140350877: 0.001006
PT_7_28.Adend3.0.6087719298245614: 0.001827
PT_7_28.Bdend.0.843859649122807: 0.001358
PT_7_29.Adend1.0.7070175438596491: 0.001565
PT_7_29.Adend2.0.7385964912280701: 0.001425
PT_7_29.Adend3.0.4017543859649123: 0.003015
PT_7_29.Bdend.0.9526315789473684: 0.001863
PT_7_30.soma.0.40625: 0.004897
PT_7_31.soma.0.2604166666666667: 0.004840
PT_7_32.soma.0.9270833333333333: 0.005788
PT_7_33.soma.0.7395833333333333: 0.005520
PT_7_34.soma.0.8229166666666666: 0.005601
PT_7_35.soma.0.8020833333333333: 0.005588
PT_7_36.soma.0.42708333333333337: 0.004951
PT_7_37.soma.0.010416666666666666: 0.004826
PT_7_38.soma.0.6354166666666666: 0.005389
PT_7_39.soma.0.36458333333333337: 0.004849
SOM_27_0.soma.0.39285714285714285: 0.006707
SOM_27_1.soma.0.869047619047619: 0.009023
SOM_27_10.soma.0.2976190476190476: 0.004309
SOM_27_11.soma.0.6309523809523809: 0.005601
SOM_27_12.soma.0.4166666666666667: 0.006883
SOM_27_13.soma.0.10714285714285714: 0.003179
SOM_27_14.soma.0.7023809523809523: 0.006284
SOM_27_15.soma.0.9166666666666666: 0.010722
SOM_27_16.soma.0.4880952380952381: 0.007055
SOM_27_17.soma.0.6547619047619048: 0.005801
SOM_27_18.soma.0.05952380952380952: 0.003812
SOM_27_19.soma.0.25: 0.003389
SOM_27_2.soma.0.44047619047619047: 0.007254
SOM_27_20.soma.0.5119047619047619: 0.006529
SOM_27_21.soma.0.17857142857142855: 0.002530
SOM_27_22.soma.0.988095238095238: 0.012385
SOM_27_23.soma.0.7976190476190476: 0.006065
SOM_27_24.soma.0.8928571428571428: 0.009350
SOM_27_25.soma.0.6785714285714285: 0.005960
SOM_27_26.soma.0.6071428571428571: 0.005135
SOM_27_28.soma.0.15476190476190477: 0.002648
SOM_27_3.soma.0.8214285714285714: 0.006775
SOM_27_30.soma.0.7738095238095237: 0.005812
SOM_27_31.soma.0.36904761904761907: 0.005833
SOM_27_32.soma.0.5357142857142857: 0.006401
SOM_27_33.soma.0.08333333333333333: 0.003388
SOM_27_34.soma.0.22619047619047616: 0.002926
SOM_27_35.soma.0.20238095238095238: 0.002724
SOM_27_36.soma.0.03571428571428571: 0.003708
SOM_27_37.soma.0.27380952380952384: 0.003616
SOM_27_38.soma.0.7261904761904762: 0.006043
SOM_27_4.soma.0.9642857142857142: 0.012760
SOM_27_5.soma.0.5595238095238095: 0.005872
SOM_27_6.soma.0.4642857142857143: 0.007001
SOM_27_7.soma.0.32142857142857145: 0.005483
SOM_27_8.soma.0.13095238095238093: 0.002957
SOM_27_9.soma.0.34523809523809523: 0.005704
