Time: 20.000000000000306; Period: Before stimulation
PT_16_20.Adend1.0.008771929824561403: 0.001188
PT_16_20.Adend2.0.7315789473684211: 0.002111
PT_16_20.Adend3.0.6824561403508772: 0.000400
PT_16_20.Bdend.0.6508771929824562: 0.001352
PT_16_21.Adend1.0.868421052631579: 0.002668
PT_16_21.Adend2.0.0649122807017544: 0.001026
PT_16_21.Adend3.0.1736842105263158: 0.005539
PT_16_21.Bdend.0.03333333333333333: 0.010848
PT_16_22.Adend1.0.17017543859649123: 4.320439
PT_16_22.Adend2.0.8157894736842105: 3.604634
PT_16_22.Adend3.0.6473684210526316: 6.223987
PT_16_22.Bdend.0.1105263157894737: 0.139508
PT_16_23.Adend1.0.7771929824561403: 0.001557
PT_16_23.Adend2.0.9631578947368421: 0.001357
PT_16_23.Adend3.0.5035087719298246: 0.000720
PT_16_23.Bdend.0.32105263157894737: 0.001249
PT_16_24.Adend1.0.9280701754385965: 0.000398
PT_16_24.Adend2.0.956140350877193: 0.000674
PT_16_24.Adend3.0.6824561403508772: 0.000399
PT_16_24.Bdend.0.18070175438596492: 0.000414
PT_16_25.Adend1.0.5245614035087719: 0.021758
PT_16_25.Adend2.0.16666666666666669: 0.013747
PT_16_25.Adend3.0.6017543859649123: 0.172172
PT_16_25.Bdend.0.6754385964912281: 0.035909
PT_16_26.Adend1.0.3842105263157895: 0.002056
PT_16_26.Adend2.0.8754385964912281: 0.002506
PT_16_26.Adend3.0.5: 0.000799
PT_16_26.Bdend.0.12105263157894737: 0.001247
PT_16_27.Adend1.0.3280701754385965: 12.142873
PT_16_27.Adend2.0.3842105263157895: 10.985024
PT_16_27.Adend3.0.20526315789473684: 13.044084
PT_16_27.Bdend.0.7947368421052632: 11.276340
PT_16_28.Adend1.0.5701754385964912: 0.002093
PT_16_28.Adend2.0.643859649122807: 0.016348
PT_16_28.Adend3.0.5035087719298246: 0.000721
PT_16_28.Bdend.0.7280701754385965: 0.003127
PT_16_29.Adend1.0.4473684210526316: 0.001310
PT_16_29.Adend2.0.8614035087719298: 0.001867
PT_16_29.Adend3.0.9105263157894737: 0.001762
PT_16_29.Bdend.0.9456140350877194: 0.001326
PT_16_30.soma.0.21875: 0.002364
PT_16_31.soma.0.6354166666666666: 0.002805
PT_16_32.soma.0.36458333333333337: 0.002557
PT_16_33.soma.0.3854166666666667: 0.002586
PT_16_34.soma.0.6979166666666666: 0.002806
PT_16_35.soma.0.4479166666666667: 0.002677
PT_16_36.soma.0.65625: 0.002806
PT_16_37.soma.0.7395833333333333: 0.002829
PT_16_38.soma.0.010416666666666666: 0.002328
PT_16_39.soma.0.8854166666666666: 0.002862
PV_36_0.soma.0.9074074074074073: 0.172011
PV_36_1.soma.0.9814814814814814: 0.174100
PV_36_10.soma.0.09259259259259259: 0.485115
PV_36_11.soma.0.2777777777777778: 0.275200
PV_36_12.soma.0.8333333333333333: 0.175009
PV_36_13.soma.0.05555555555555555: 0.624173
PV_36_14.soma.0.9444444444444444: 0.174071
PV_36_15.soma.0.35185185185185186: 0.228546
PV_36_16.soma.0.35185185185185186: 0.229730
PV_36_17.soma.0.5: 0.190707
PV_36_18.soma.0.24074074074074073: 0.310316
PV_36_19.soma.0.7592592592592592: 0.175888
PV_36_2.soma.0.12962962962962962: 0.404935
PV_36_20.soma.0.05555555555555555: 0.623144
PV_36_21.soma.0.38888888888888884: 0.211396
PV_36_22.soma.0.611111111111111: 0.170534
PV_36_23.soma.0.5740740740740741: 0.170722
PV_36_24.soma.0.8703703703703703: 0.173187
PV_36_25.soma.0.2037037037037037: 0.352440
PV_36_26.soma.0.6481481481481481: 0.169119
PV_36_27.soma.0.4629629629629629: 0.199446
PV_36_28.soma.0.5740740740740741: 0.171037
PV_36_3.soma.0.42592592592592593: 0.205503
PV_36_30.soma.0.31481481481481477: 0.244164
PV_36_31.soma.0.537037037037037: 0.173872
PV_36_32.soma.0.9074074074074073: 0.168478
PV_36_33.soma.0.31481481481481477: 0.249842
PV_36_34.soma.0.6851851851851851: 0.167859
PV_36_35.soma.0.7222222222222222: 0.169336
PV_36_37.soma.0.7222222222222222: 0.174040
PV_36_38.soma.0.12962962962962962: 0.405159
PV_36_4.soma.0.2777777777777778: 0.270741
PV_36_5.soma.0.018518518518518517: 0.646407
PV_36_6.soma.0.24074074074074073: 0.315525
PV_36_7.soma.0.4629629629629629: 0.200417
PV_36_8.soma.0.2037037037037037: 0.346190
PV_36_9.soma.0.38888888888888884: 0.212819
